# started on Wed Oct  7 15:16:25 2026

instructions:u: 2677711032 240127075 240127075
2677711032,,instructions:u,240127075,100.00,,
