procs -----------memory---------- ---swap-- -----io---- -system-- -------cpu-------
 r  b   swpd   free   buff  cache   si   so    bi    bo   in   cs us sy id wa st gu
 4  0 62120832 106071832 36 9770836 2130 2713 48404 28497 119598 12 29 3 66 2  0  0
 4  0 62120832 106084220 36 9771896  4    0   900  1080 14808 17389 12 1 87 0  0  0
 4  0 62120616 106084116 36 9772884  0    0   896     0 14683 16891 12 1 87 0  0  0
 4  0 62120616 106095700 36 9773844  4    0   948     0 13816 14592 12 0 87 0  0  0
 4  0 62120616 106099816 36 9774756  0    0   896     0 13407 13330 12 0 87 0  0  0
 4  0 62120616 106118904 36 9775668  0    0   896     0 13683 13583 12 0 87 0  0  0
 4  0 62120616 106118356 36 9776444  0    0   928     0 13859 16588 12 0 87 0  0  0
 4  0 62120616 106126864 36 9777516  0    0   880     0 13786 15907 12 0 87 0  0  0
 4  0 62120616 106523228 36 9784420 16    0  3556  2940 16555 16927 12 1 87 0  0  0
 4  0 62120616 106475980 36 9785960  0    0   896     0 17414 19750 12 1 87 0  0  0
 4  0 62120616 106479048 36 9786976  0    0   912     0 12569 15756 10 1 89 0  0  0
 3  0 62120616 106490720 36 9787856 12    0   892     0 11473 16366 10 0 90 0  0  0
 6  0 62120616 106501268 36 9788656  0    0   848     0 10322 12713 9 0 90  0  0  0
 3  0 62116520 106517940 36 9789168  0    0  1076     0 10872 13187 9 0 90  0  0  0
 4  0 62116520 106427964 36 9790680  4    0   948    16 12992 14953 10 1 89 0  0  0
 5  0 62116520 106404328 36 9791912 84    0  1004     0 14070 15124 12 1 87 0  0  0
 4  0 62116520 106378124 36 9868908 32    0 11512 12380 34788 35415 15 2 83 0  0  0
 4  0 62116520 106375944 36 9870120 36    0   900     0 22312 32138 13 1 86 0  0  0
 4  1 62116520 106370516 36 9879012 120   0  4916    80 23413 31298 13 1 86 0  0  0
 4  0 62116516 106347040 36 9879204 80    0  1052     0 21045 30412 13 1 86 0  0  0
 4  0 62116516 106324452 36 9880460 260   0  1156     4 21562 25579 12 1 87 0  0  0
procs -----------memory---------- ---swap-- -----io---- -system-- -------cpu-------
 r  b   swpd   free   buff  cache   si   so    bi    bo   in   cs us sy id wa st gu
 6  0 62116516 106336192 36 9881908  8    0   952     0 21343 27181 12 1 87 0  0  0
 4  0 62116516 106345784 36 9883292  8    0   920     0 21408 28157 12 1 87 0  0  0
 5  0 62116516 106308092 36 9889364 124   0  3260     0 23323 30819 13 1 86 0  0  0
 5  0 62116516 106333232 36 9891328  0    0   912     0 19500 25277 12 1 87 0  0  0
 4  0 62116380 106302512 36 9892712  4    0   900     0 20196 26269 13 1 87 0  0  0
 6  0 62116380 106272368 36 9903076  0    0  1040  2148 20969 27956 12 1 87 0  0  0
19  0 62116380 106295848 36 9904876 24    0   920     0 19622 25158 13 1 86 0  0  0
 4  0 62116380 106290444 36 9907104 12    0   940     0 20882 26460 12 1 87 0  0  0
 4  0 62116380 106269028 36 9908572  0    0   948   136 20782 27469 12 1 87 0  0  0
 4  0 62116308 106279444 36 9911004  0    0   880   156 21206 29043 12 1 87 0  0  0
 4  0 62116000 106242652 36 9918196 512   0  4584  7304 24363 36611 13 1 86 0  0  0
 4  0 62116000 106237228 36 9920272  4    0   916 22460 22560 30626 12 1 87 0  0  0
 4  0 62116000 106222328 36 9922396 12    0   924     0 21646 30921 12 1 87 0  0  0
 4  0 62116000 106248292 36 9923760 164   0  1092     0 20635 25533 12 1 87 0  0  0
 5  0 62116000 106241456 36 9926040 20    0   948     0 21585 27351 13 1 86 0  0  0
 4  0 62116000 106237772 36 9927512 12    0   924     0 20538 25783 12 1 87 0  0  0
 4  0 62116000 106219888 36 9929464  4    0   900     4 20933 26812 13 1 87 0  0  0
 3  1 62116000 106204696 36 9931816  0    0   896     0 20247 25194 12 1 87 0  0  0
 6  0 62115964 106223856 36 9933268  0    0   864     0 19527 24590 13 1 87 0  0  0
 4  0 62115964 106210124 36 9935192  0    0   880     0 19070 24082 13 1 87 0  0  0
 5  1 62115848 106190584 36 9960812 24    0 19848    12 22231 35265 13 1 86 1  0  0
procs -----------memory---------- ---swap-- -----io---- -system-- -------cpu-------
 r  b   swpd   free   buff  cache   si   so    bi    bo   in   cs us sy id wa st gu
 4  1 62115848 106100392 36 10050412 4    0 68404     0 27827 55299 13 2 83 2  0  0
 5  0 62115832 106023436 36 10131376 0    0 40928     0 25319 43175 14 2 84 1  0  0
 4  1 62115832 105947428 36 10204168 0    0 43328     0 26026 44940 14 2 84 1  0  0
 4  1 62115832 105867216 36 10277944 0    0 44064     0 26594 45777 14 2 84 1  0  0
 5  0 62115832 105790340 36 10354772 116  0 45012     0 26894 46738 14 2 83 1  0  0
 5  0 62115828 105698012 36 10427612 4    0 37172 10472 25628 43458 14 2 83 1  0  0
 6  0 62115828 105628776 36 10499824 4    0 35508     0 24397 39620 14 2 84 1  0  0
16  0 62115828 105539352 36 10575164 0    0 38560     0 24902 40058 14 2 83 1  0  0
 5  0 62115828 105489484 36 10646952 0    0 42544     0 25978 44635 14 2 83 1  0  0
10  0 62115828 105365860 36 10740972 352  0 67356     0 27881 48640 14 2 83 1  0  0
 5  0 62115828 105270228 36 10818416 188  0 44952     0 29904 53552 14 2 83 1  0  0
 6  1 62115820 105203320 36 10891620 56   0 41336     0 27861 49383 9 2 84  5  0  0
 5  0 62115820 105066560 36 11000164 120  0 42676 83096 27434 51026 13 2 83 1  0  0
 5  1 62115776 104856444 36 11080964 12   0 48948     0 29783 47117 15 2 82 1  0  0
 5  0 62115772 104766420 36 11140884 52   0 31636     0 24716 40117 14 2 84 1  0  0
 5  0 62115452 104697608 36 11213352 20   0 50660     0 26617 47295 14 2 83 1  0  0
 5  1 62115452 104624580 36 11281412 144  0 38192     0 26237 41846 13 2 84 1  0  0
 4  1 62115452 104560912 36 11356296 16   0 36768     0 25905 42515 14 2 84 1  0  0
 4  1 62115452 104488168 36 11427820 0    0 36096     0 26929 43905 14 2 83 1  0  0
 5  0 62115452 104474708 36 11480896 12   0 31276    72 24936 39916 14 2 84 1  0  0
 5  0 62115452 104429308 36 11495784 4    0 14980     0 22979 29795 14 2 84 0  0  0
procs -----------memory---------- ---swap-- -----io---- -system-- -------cpu-------
 r  b   swpd   free   buff  cache   si   so    bi    bo   in   cs us sy id wa st gu
 6  0 62115424 104419804 36 11522208 44   0 23692  4528 24945 37801 14 2 84 0  0  0
 4  1 62115424 104405648 36 11546692 8    0 23512     0 24749 37510 14 2 84 0  0  0
 5  0 62115424 104364192 36 11565064 0    0 17072     0 24411 34355 14 2 84 0  0  0
 5  0 62115404 104347556 36 11579552 0    0 13984     0 23480 31618 14 2 84 0  0  0
 5  0 62115400 104333536 36 11601764 0    0 20848     0 25002 36990 14 2 84 0  0  0
 5  0 62115400 104315288 36 11628620 0    0 25936     0 24260 37789 14 2 83 1  0  0
 5  0 62115372 104226924 36 11657540 4    0 27380    16 27728 41429 14 2 83 1  0  0
 6  0 62115368 104188356 36 11716136 152  0 57480     0 26505 48202 13 2 84 1  0  0
 4  0 62114620 104162208 36 11736072 908  0 19596    72 22903 34400 13 1 86 0  0  0
19  0 62114620 104133588 36 11738072 0    0   912   464 22585 29752 13 1 86 0  0  0
 4  0 62114620 104072260 36 11739524 4    0   884     0 22645 31044 12 1 87 0  0  0
 4  0 62114620 104091332 36 11741780 16   0   912     0 21829 29311 12 1 87 0  0  0
 4  0 62114620 104085044 36 11743668 0    0   896     0 21791 28314 12 1 87 0  0  0
 4  0 62114620 104096492 36 11744904 0    0   912     0 22732 28865 12 1 87 0  0  0
 4  0 62114620 104132232 36 11746848 0    0   880     0 21679 27864 12 1 87 0  0  0
 4  0 62114620 104123428 36 11749296 0    0   960  2656 20074 25463 12 1 87 0  0  0
 4  0 62114620 104142944 36 11750816 24   0   936     0 22677 32938 13 1 86 0  0  0
 4  0 62114612 104082728 36 11784268 124  0 19756     4 23917 31285 12 1 86 0  0  0
 4  0 62114612 104067224 36 11786236 28   0   940     0 24422 33869 13 1 86 0  0  0
 4  0 62114596 104087276 36 11788652 4    0  1268     0 23850 34343 13 1 86 0  0  0
 4  0 62114576 104132476 36 11790492 8    0  1140     0 22178 27825 13 1 86 0  0  0
procs -----------memory---------- ---swap-- -----io---- -system-- -------cpu-------
 r  b   swpd   free   buff  cache   si   so    bi    bo   in   cs us sy id wa st gu
 4  0 62114576 104118508 36 11793852 0    0  1856     0 21717 26275 13 1 86 0  0  0
 4  0 62114572 104052552 36 11795560 196  0  1108     0 21333 27304 12 1 87 0  0  0
 4  0 62114564 104000796 36 11797824 0    0  1412     0 22063 30050 12 1 87 0  0  0
 4  0 62114564 104022584 36 11799532 0    0   864     0 22016 30199 12 1 87 0  0  0
 4  0 62114540 104067684 36 11801732 12   0  1028     0 24445 33803 13 1 86 0  0  0
 4  0 62114540 104097960 36 11803644 104  0  1016     0 20548 27121 12 1 87 0  0  0
 4  0 62114540 104115340 36 11805568 0    0   912     0 21752 29054 12 1 87 0  0  0
 4  0 62114540 104119404 36 11808528 8    0  2072    72 20959 29013 13 1 87 0  0  0
 4  0 62114520 104109744 36 11811568 0    0  2048     0 20315 25562 12 1 87 0  0  0
 5  0 62114520 104092552 36 11814176 96   0  2212    12 19914 25408 12 1 87 0  0  0
 5  0 62114520 104098296 36 11816480 0    0   944     0 21528 27414 12 1 87 0  0  0
 4  0 62114456 104079232 36 11818204 4    0   868   224 19788 24163 12 1 87 0  0  0
 5  0 62114456 104121380 36 11819788 4    0   916     0 21622 27710 13 1 86 0  0  0
 4  0 62113924 104106932 36 11822356 4    0   916     4 20034 25810 13 1 87 0  0  0
 4  0 62113924 104094332 36 11823912 0    0   928     0 19701 25711 12 1 87 0  0  0
 4  0 62113924 104106996 36 11825936 0    0   900     0 20454 25518 12 1 87 0  0  0
 4  0 62113900 104076744 36 11835712 728  0 13164     0 21178 28707 13 1 86 0  0  0
 4  0 62113780 104070716 36 11845408 680  0 14264     0 22592 31089 13 1 86 0  0  0
 4  0 62113780 104041736 36 11846972 0    0   960   104 22566 29811 12 1 87 0  0  0
 4  0 62113780 104067184 36 11851452 64   0  3340     0 22116 28745 12 1 87 0  0  0
 4  0 62113728 104030768 36 11853576 4    0  1040     0 21138 31190 13 1 86 0  0  0
procs -----------memory---------- ---swap-- -----io---- -system-- -------cpu-------
 r  b   swpd   free   buff  cache   si   so    bi    bo   in   cs us sy id wa st gu
 4  0 62110440 104065088 36 11857620 4    0  3196     0 21889 29497 13 1 86 0  0  0
 4  0 62110436 104015932 36 11868856 72   0  1276  5116 26215 39844 14 1 85 0  0  0
 4  0 62110420 103993188 36 11871956 16   0  1596    16 21062 28555 13 1 86 0  0  0
 4  0 62110420 104017696 36 11874036 4    0   884     0 21443 27300 13 1 86 0  0  0
 4  0 62110408 103999292 36 11877504 0    0   912 24032 20898 29045 13 1 87 0  0  0
 4  0 62110408 103960012 36 11879028 4    0   984     0 20899 26801 13 1 87 0  0  0
 4  0 62110408 103954532 36 11881376 0    0   916     0 21517 30781 12 1 87 0  0  0
 5  0 62110408 103943652 36 11882816 4    0   900     0 21595 28601 13 1 87 0  0  0
 4  0 62110404 103925052 36 11885080 4    0   904     0 22962 31365 13 1 87 0  0  0
 5  0 62110404 103908488 36 11886944 0    0   992     0 20841 27882 12 1 87 0  0  0
16  0 62110320 103912700 36 11918316 0    0  3124 56984 23861 36617 12 1 87 0  0  0
 4  0 62110320 103896704 36 11920496 0    0   984     0 20774 28277 13 1 87 0  0  0
 4  0 62110300 103850576 36 11922860 16   0  1128     0 23039 33874 13 1 86 0  0  0
 5  0 62110300 103851312 36 11924624 4    0   936   568 22380 31025 13 1 86 0  0  0
 4  0 62110300 103802884 36 11926796 12   0   956     0 22817 28897 12 1 87 0  0  0
 4  0 62110300 103786964 36 11928036 8    0   920     0 24494 32030 13 1 86 0  0  0
 5  0 62110300 103811764 36 11930612 0    0   896    72 24424 30572 13 1 86 0  0  0
 4  0 62110300 103846628 36 11932048 76   0  1052     0 22832 27270 12 1 87 0  0  0
11  0 62110300 103853660 36 11934120 60   0  1036     0 23638 30480 13 1 86 0  0  0
 4  0 62110300 103862664 36 11936704 0    0   988   256 22430 27538 13 1 87 0  0  0
 4  0 62110300 103886048 36 11937884 0    0   880     0 22496 28062 13 1 86 0  0  0
procs -----------memory---------- ---swap-- -----io---- -system-- -------cpu-------
 r  b   swpd   free   buff  cache   si   so    bi    bo   in   cs us sy id wa st gu
 4  0 62110300 103882284 36 11939892 0    0   944     0 22872 28431 12 1 87 0  0  0
 4  0 62110300 103882868 36 11941688 0    0   864   224 22362 28086 13 1 86 0  0  0
 4  0 62110300 103874408 36 11952464 32   0  9552     0 24216 32649 13 1 86 0  0  0
 7  0 62110300 103858868 36 11958616 0    0  4992     0 22016 27254 13 1 86 0  0  0
 4  0 62110300 103822880 36 11960676 88   0  1116     0 23212 31080 13 1 86 0  0  0
 4  0 62110300 103798484 36 11965984 0    0  4964     0 21660 28906 12 1 87 0  0  0
 4  0 62110300 103812252 36 11967788 0    0   928     0 20802 24542 13 1 86 0  0  0
 4  0 62110300 103829420 36 11970112 0    0   880     0 21635 28721 12 1 86 0  0  0
 4  0 62110168 103783816 36 11995720 4188 0 41584     0 28457 43474 13 2 85 1  0  0
 5  0 62110168 103772164 36 11997164 96   0   992     0 21992 27474 12 1 87 0  0  0
 4  0 62110160 103755936 36 11999296 392  0  1576     0 22161 26890 12 1 87 0  0  0
 4  0 62110160 103771016 36 12001056 124  0  1052     0 20767 26050 12 1 87 0  0  0
 4  0 62110160 103749152 36 12003276 4    0   916     0 21468 26960 12 1 87 0  0  0
 5  0 62110160 103702528 36 12006156 92   0  1652  3600 23685 30347 13 1 86 0  0  0
 4  0 62110160 103732800 36 12007560 176  0  1212     0 20902 24749 12 1 86 0  0  0
 4  0 62109996 103656248 36 12011236 220  0  5084     0 24961 35169 13 1 86 0  0  0
 4  0 62109996 103672576 36 12013608 228  0  1140     4 23768 31498 12 1 87 0  0  0
 4  0 62109996 103665204 36 12015480 16   0   944     0 22765 29340 12 1 87 0  0  0
 4  0 62109996 103687684 36 12017192 12   0   924     0 21501 24793 13 1 86 0  0  0
 4  0 62109992 103649964 36 12019292 0    0   896     0 20285 25467 12 1 87 0  0  0
 4  0 62107940 103691896 36 12020548 4    0   932     0 21125 26266 12 1 87 0  0  0
procs -----------memory---------- ---swap-- -----io---- -system-- -------cpu-------
 r  b   swpd   free   buff  cache   si   so    bi    bo   in   cs us sy id wa st gu
 4  0 62107940 103672716 36 12023044 44   0   956     0 21915 27497 13 1 86 0  0  0
 4  0 62107940 103677116 36 12024916 24   0   952     0 20777 25075 12 1 87 0  0  0
 5  0 62107940 103704676 36 12026668 12   0   876     0 19812 26736 12 1 87 0  0  0
 4  0 62107940 103736712 36 12028460 8    0   920     0 20838 28193 13 1 87 0  0  0
 4  0 62107940 103767368 36 12030436 32   0   928    72 20763 27510 12 1 87 0  0  0
 4  0 62107940 103814376 36 12032144 0    0   896     0 19383 24632 12 1 87 0  0  0
 4  0 62107940 103805228 36 12034060 280  0  1192   436 21153 28409 12 1 87 0  0  0
 4  0 62107940 103854748 36 12035580 140  0  1084     0 20530 27769 12 1 87 0  0  0
 4  0 62107940 103803224 36 12038152 0    0   880   856 21011 26627 13 1 87 0  0  0
 4  0 62107940 103822428 36 12039328 4    0   900     0 20163 25740 13 1 86 0  0  0
 4  0 62107940 103829452 36 12041844 0    0   880     8 20490 26324 12 1 87 0  0  0
 5  0 62107940 103807348 36 12042552 0    0   928     0 20036 24597 12 1 87 0  0  0
 4  0 62107916 103801028 36 12045460 4    0   960   224 21542 28753 13 1 86 0  0  0
 4  0 62107916 103805520 36 12046964 4    0   868     0 20183 26983 12 1 87 0  0  0
 4  0 62107916 103777160 36 12049400 0    0   912     0 21854 29492 13 1 87 0  0  0
 4  0 62107916 103759252 36 12050628 0    0   896     0 19538 27387 12 1 87 0  0  0
 4  0 62107916 103806156 36 12052956 0    0   896     0 20647 25904 12 1 87 0  0  0
 4  0 62107916 103799972 36 12054588 0    0   880     0 19960 24170 12 1 87 0  0  0
 4  0 62107916 103798756 36 12056648 4    0   916     0 20381 26261 12 1 87 0  0  0
 3  0 62107916 103857820 36 12060584 60   0   988    80 15083 17142 11 1 89 0  0  0
 3  0 62106456 103764440 36 12063560 420  0  2388     0 16990 24731 11 1 88 0  0  0
procs -----------memory---------- ---swap-- -----io---- -system-- -------cpu-------
 r  b   swpd   free   buff  cache   si   so    bi    bo   in   cs us sy id wa st gu
 3  0 62106452 103806480 36 12065416 4    0   900     0 12970 15835 10 0 89 0  0  0
 3  0 62106452 103820816 36 12067276 0    0   928     0 13858 16256 10 1 90 0  0  0
 5  0 62106424 103814280 36 12069664 24   0   984  3592 12441 14985 9 0 90  0  0  0
 4  0 62106424 103828692 36 12071600 0    0   944     0 12717 16371 9 0 90  0  0  0
 4  0 62106424 103811284 36 12073344 0    0   864     0 14981 18315 12 1 88 0  0  0
 2  1 62106340 103881088 36 12074648 4    0   580     0 17565 24549 8 1 90  1  0  0
 3  0 62106316 103871432 36 12077804 1132 0  3540     0 15778 22964 10 1 89 0  0  0
 3  0 62105404 103870428 36 12079772 52   0  1048     0 15844 20490 10 1 89 0  0  0
 3  0 62105276 103866120 36 12081756 104  0  1032     0 12858 15076 9 0 90  0  0  0
 3  0 62103608 103888156 36 12089360 4176 0  5672 12088 14933 22979 10 1 89 0  0  0
 3  0 62103608 103907352 36 12091140 0    0   896     0 12063 15861 9 0 90  0  0  0
 4  0 62103568 103820616 36 12093004 48   0   928     0 19952 23206 13 1 86 0  0  0
 3  0 62103560 103857932 36 12094868 8    0   904     0 21732 22907 14 1 85 0  0  0
 3  0 62103560 103852540 36 12100920 0    0  5040    72 18579 21175 11 1 88 0  0  0
 3  0 62103536 103863160 36 12106856 0    0  5056     0 19793 22806 11 1 88 0  0  0
 6  0 62103528 103876044 36 12108816 124  0  1116     0 18783 22612 11 1 88 0  0  0
 3  0 62103524 103876520 36 12110612 56   0  1064     0 18114 21000 11 1 88 0  0  0
 3  0 62103512 103889336 36 12112532 8    0   936  2240 18136 20835 11 0 88 0  0  0
 6  0 62103512 103893380 36 12121672 4    0  1124  2540 19849 24428 11 1 88 0  0  0
 2  1 62103480 103897724 36 12123788 0    0   992   104 21536 29061 12 1 87 0  0  0
 4  0 62103420 103885140 36 12125592 540  0  1524     0 21204 30431 12 1 87 0  0  0
procs -----------memory---------- ---swap-- -----io---- -system-- -------cpu-------
 r  b   swpd   free   buff  cache   si   so    bi    bo   in   cs us sy id wa st gu
 3  0 62103420 103887884 36 12127740 0    0   880     4 17004 20076 12 1 87 0  0  0
 6  0 62103420 103906932 36 12129580 0    0   928     0 16468 17161 12 0 87 0  0  0
 4  0 62103420 103912116 36 12131468 0    0   928   224 16468 17325 12 1 88 0  0  0
 3  0 62103420 103909224 36 12133292 0    0   912     0 17810 18618 12 1 87 0  0  0
 3  0 62103420 103914408 36 12135212 36   0   980   592 17845 20100 12 1 88 0  0  0
 6  0 62103420 103918584 36 12136540 0    0   912     0 18923 21231 12 1 87 0  0  0
 6  0 62103420 103904872 36 12138588 0    0   960     0 17721 19594 12 1 87 0  0  0
 3  0 62103200 103905604 36 12140692 12   0   972     0 18865 21984 12 1 87 0  0  0
 3  0 62103200 103903056 36 12141996 12   0   924     0 16954 17855 11 1 88 0  0  0
 3  0 62103192 103913672 36 12144572 36   0   948     0 16919 20477 11 1 88 0  0  0
 3  0 62103188 103914816 36 12146556 0    0   928     0 17667 20724 11 1 88 0  0  0
 5  0 62103188 103919664 36 12148140 0    0   912     0 17401 20793 12 1 88 0  0  0
 3  0 62103188 103907256 36 12150956 16   0   976 21616 18107 23043 11 1 88 0  0  0
 3  0 62103184 103913844 36 12152504 24   0   968     0 16785 20531 12 0 88 0  0  0
 4  0 62103184 103911760 36 12155124 8    0   968     0 17030 18351 11 1 88 0  0  0
 3  0 62103184 103900492 36 12156724 0    0   912     0 17948 22529 12 1 87 0  0  0
 3  0 62103168 103897024 36 12157904 4    0   900     0 16236 18680 11 0 88 0  0  0
 3  0 62103168 103888132 36 12160344 0    0   928     0 16452 20359 11 1 88 0  0  0
 7  0 62103168 103848376 36 12162684 0    0   912     0 18594 21726 14 1 85 0  0  0
 3  0 62103168 103864348 36 12164356 0    0   864     0 19511 21527 14 1 86 0  0  0
 6  0 62103168 103855008 36 12166396 0    0   960     0 14892 17840 12 0 88 0  0  0
procs -----------memory---------- ---swap-- -----io---- -system-- -------cpu-------
 r  b   swpd   free   buff  cache   si   so    bi    bo   in   cs us sy id wa st gu
 6  0 62103168 103850292 36 12168440 0    0   896     0 15168 17797 12 1 88 0  0  0
 3  0 62103168 103870644 36 12170472 84   0  1012   104 15722 19049 12 0 88 0  0  0
 3  0 62103168 103858288 36 12172164 4    0   884     0 15733 17980 11 1 88 0  0  0
 4  0 62103132 103843648 36 12173916 4    0   932     0 16083 20921 12 1 87 0  0  0
 3  0 62103132 103846748 36 12175932 0    0   912     0 16292 19813 11 0 88 0  0  0
35  0 62103132 103843760 36 12177964 0    0   912     0 14292 16392 12 0 88 0  0  0
 3  0 62103132 103834272 36 12183188 0    0  3972  1096 18401 21462 13 1 86 0  0  0
 4  0 62103088 103830300 36 12185316 0    0   912     0 15844 17640 12 0 87 0  0  0
 3  0 62103088 103823728 36 12186964 0    0   880     4 18045 21257 13 1 86 0  0  0
 3  0 62103088 103826712 36 12189040 8    0   936     0 15824 20176 12 0 87 0  0  0
 6  0 62103088 103815108 36 12191052 0    0   960     0 14978 18154 12 0 87 0  0  0
 3  0 62103064 103828340 36 12192464 0    0   944   412 16004 19472 12 1 87 0  0  0
 3  0 62103064 103819112 36 12194836 48   0   912     0 14914 15568 12 0 87 0  0  0
 3  0 62103064 103820684 36 12196612 0    0   928   224 15885 18262 12 0 87 0  0  0
 6  0 62103064 103821852 36 12198664 0    0   912     0 14724 16185 12 0 87 0  0  0
 7  0 62103064 103803312 36 12200260 0    0   932     0 15492 19796 12 0 87 0  0  0
 3  0 62103064 103811684 36 12224812 8    0 23660     0 19532 28173 13 1 86 0  0  0
 3  0 62103060 103765788 36 12228920 0    0   912     0 16720 20365 13 1 86 0  0  0
 6  0 62103060 103790800 36 12230780 4    0   900     0 15219 20640 12 1 88 0  0  0
 4  0 62103060 103783476 36 12232660 0    0   896     0 16289 21753 13 1 87 0  0  0
 3  0 62103012 103780996 36 12235148 0    0  1008  1080 16413 20957 12 1 87 0  0  0
procs -----------memory---------- ---swap-- -----io---- -system-- -------cpu-------
 r  b   swpd   free   buff  cache   si   so    bi    bo   in   cs us sy id wa st gu
 3  0 62103012 103794420 36 12238444 0    0   928    76 15057 19821 12 0 88 0  0  0
 7  0 62102960 103796816 36 12240296 4    0   916     0 15628 20981 12 1 87 0  0  0
 3  0 62102960 103795220 36 12242100 4    0   884   528 15222 19340 12 0 88 0  0  0
 1  1 62102960 103786660 36 12243644 0    0   672  5088 16089 19805 9 1 89  1  0  0
 3  0 62102868 103787696 36 12244420 0    0   720     0 19928 24888 10 0 89 1  0  0
 3  1 62102868 103784780 36 12246592 0    0   720     0 20591 27007 9 1 89  1  0  0
 3  1 62102868 103796260 36 12247840 0    0   944     0 20695 28204 11 1 88 0  0  0
 3  0 62102868 103784212 36 12279972 4    0  3028 57112 24212 33998 11 1 87 0  0  0
 3  0 62102868 103774860 36 12282384 0    0   912     0 18105 20623 11 1 88 0  0  0
 3  0 62102868 103782092 36 12284376 0    0   896     0 19722 24474 12 0 88 0  0  0
 3  0 62102868 103782364 36 12286292 12   0   988    72 18587 20853 11 1 88 0  0  0
 6  0 62102868 103778592 36 12288120 0    0   896     0 18907 19855 11 1 88 0  0  0
 3  0 62102868 103759060 36 12290144 4    0   980     0 18705 23807 11 1 88 0  0  0
11  0 62102868 103761052 36 12292212 8    0   920     0 18386 23003 11 1 88 0  0  0
 7  0 62102868 103747532 36 12293608 0    0   912     0 20007 24379 12 1 87 0  0  0
 4  0 62102868 103760632 36 12296020 0    0   944     0 17829 20471 12 1 88 0  0  0
 3  0 62102868 103763468 36 12297500 16   0   960   420 17866 20741 12 1 88 0  0  0
 3  0 62102868 103768292 36 12300176 0    0   880     0 17931 19772 12 1 88 0  0  0
 3  0 62102868 103777296 36 12301976 0    0   880     0 17223 19340 12 1 88 0  0  0
 7  0 62102868 103774040 36 12304000 0    0   912     0 18431 19470 12 1 87 0  0  0
 3  0 62102856 103775376 36 12305728 0    0   880     0 19619 23451 13 1 86 0  0  0
procs -----------memory---------- ---swap-- -----io---- -system-- -------cpu-------
 r  b   swpd   free   buff  cache   si   so    bi    bo   in   cs us sy id wa st gu
 3  0 62102856 103777172 36 12307816 0    0   992     0 17549 23164 12 1 88 0  0  0
 3  0 62102804 103782076 36 12309620 0    0   896     0 17593 23550 11 1 89 0  0  0
 4  0 62102804 103774768 36 12311548 0    0   880   224 15994 19256 11 1 89 0  0  0
 4  1 62102804 103714804 36 12316132 8    0  1140  1592 23826 28719 15 1 84 0  0  0
 8  0 62102792 103154724 36 12320876 0    0  1440   936 23303 26423 18 1 81 0  0  0
 4  2 62102636 103599900 36 12350784 24   0  7484 12640 25593 32013 16 2 82 0  0  0
 3  0 62102636 103584652 36 12354792 0    0   928   424 17337 21035 11 1 88 0  0  0
 3  0 62102628 103587904 36 12356700 0    0   912     0 18986 24720 11 1 88 0  0  0
 3  0 62102612 103583920 36 12358596 0    0   928     0 17077 22267 11 1 88 0  0  0
 3  0 62102612 103591616 36 12360436 104  0   984     0 16085 20915 12 0 88 0  0  0
 3  0 62102612 103597620 36 12362272 220  0  1100  1644 16732 22340 12 0 88 0  0  0
 6  0 62102612 103611520 36 12364352 0    0   960     0 15334 18836 12 0 88 0  0  0
 3  0 62102612 103627664 36 12366176 0    0   880  5088 15098 18551 13 0 87 0  0  0
 3  0 62102608 103636288 36 12368032 0    0   896     0 14247 17567 12 0 88 0  0  0
 3  0 62102560 103650412 36 12369864 0    0   896     0 14218 16144 12 0 88 0  0  0
 6  0 62102556 103660868 36 12371876 0    0   976     0 14848 17567 12 0 88 0  0  0
 3  0 62102556 103672056 36 12373728 36   0   900   600 15102 17782 12 0 88 0  0  0
 3  0 62102556 103676764 36 12375572 0    0   880     0 15113 18360 12 0 88 0  0  0
 3  0 62102528 103679788 36 12377548 0    0   912     0 15538 21540 12 0 88 0  0  0
 6  0 62102528 103685352 36 12383604 0    0  5008    72 15051 19748 12 0 88 0  0  0
 4  0 62102528 103675816 36 12385384 0    0   880     0 17406 19689 14 1 85 0  0  0
procs -----------memory---------- ---swap-- -----io---- -system-- -------cpu-------
 r  b   swpd   free   buff  cache   si   so    bi    bo   in   cs us sy id wa st gu
 4  0 62102488 103578892 36 12388948 156  0  5248   540 19246 26554 15 1 84 0  0  0
 5  0 62102488 103224032 36 12390800 400  0  1472   832 21494 26551 17 1 82 0  0  0
 9  0 62102468 102637264 36 12392720 24   0   872     0 19143 21534 18 1 81 0  0  0
 9  0 62102460 102375612 36 12394460 12   0   892     0 18974 19834 19 1 80 0  0  0
 9  0 62102460 102180788 36 12396364 60   0  1052     0 18413 18424 18 0 81 0  0  0
 6  0 62102456 102125952 36 12401664 12   0  2112    32 18763 18481 18 1 81 0  0  0
 6  2 62102456 103170028 36 12467192 0    0 18148 33932 52005 51922 26 6 65 2  0  0
 4  0 62102456 103089624 36 12493284 0    0  5848 30412 36516 40125 22 5 72 1  0  0
 3  1 62102456 102829340 36 12518044 0    0  6024 22136 50555 44611 19 4 76 1  0  0
 6  0 62102456 103026712 36 12508436 0    0  2076  3700 20455 21883 13 1 86 0  0  0
 6  0 62102456 102726508 36 12510436 0    0   912     4 17439 17279 15 0 85 0  0  0
 7  0 62102456 102568272 36 12512380 0    0   944     0 16532 15258 15 0 85 0  0  0
 5  0 62102452 102487780 36 12514340 8    0   936 108704 19011 31043 15 1 84 0 0  0
 4  0 62102424 102403136 36 12526752 0    0  1424    32 17451 16930 15 0 85 0  0  0
 4  0 62102404 102395344 36 12537652 220  0 10004     0 17879 17807 15 1 84 0  0  0
 5  0 62102404 102284016 36 12526676 120  0  1048     0 25114 21581 15 1 85 0  0  0
 4  0 62102404 102212400 36 12531728 24   0  4688     0 27019 24312 15 1 84 0  0  0
 4  0 62102404 102233696 36 12533576 0    0   880     0 24981 20396 14 1 85 0  0  0
 4  0 62102404 102232256 36 12535556 8    0   936  1428 25203 23358 14 1 85 0  0  0
 8  0 62102404 102252720 36 12537504 8    0   920     0 25060 24372 14 1 85 0  0  0
 4  0 62102404 102348956 36 12539492 8    0  1132   744 24638 20979 14 1 85 0  0  0
procs -----------memory---------- ---swap-- -----io---- -system-- -------cpu-------
 r  b   swpd   free   buff  cache   si   so    bi    bo   in   cs us sy id wa st gu
 4  0 62102404 102436220 36 12541512 200  0  1124     0 25407 21909 14 1 85 0  0  0
 4  1 62102400 102466168 36 12543648 40   0  1432     0 23645 21161 14 1 85 0  0  0
 4  0 62102400 102484040 36 12545508 0    0  1180  4416 24864 23508 14 1 85 0  0  0
 7  0 62102400 102525156 36 12547456 0    0   880     0 24412 23211 14 1 85 0  0  0
 4  0 62102400 102523720 36 12548912 0    0   928     0 22092 19753 15 1 85 0  0  0
 5  0 62102400 102522724 36 12552324 4    0  3336     0 22183 19997 15 1 85 0  0  0
 5  0 62102080 102499540 36 12571932 88   0  3864 30332 25776 25187 16 1 84 0  0  0
 4  0 62101700 102503164 36 12574044 276  0  1236    72 23328 22360 15 1 85 0  0  0
 4  0 62101700 102404180 36 12625504 164  0 11228 82912 28911 40325 15 1 83 0  0  0
 4  0 62101700 102404096 36 12627376 28   0  1056     0 25581 26276 15 1 84 0  0  0
 7  0 62101700 102397280 36 12629344 0    0   944     0 23562 22775 15 1 85 0  0  0
 4  0 62101700 102387188 36 12630796 0    0   880     0 23467 20730 15 1 85 0  0  0
 3  1 62101700 103311472 36 12679040 0    0 19992 23272 28580 28328 14 1 84 0  0  0
 4  0 62100776 103245528 36 12681332 4    0   932     0 23411 22126 15 1 84 0  0  0
 6  0 62100768 102865560 36 12684420 0    0   896   224 83169 22331 22 1 77 0  0  0
 7  0 62100768 102942848 36 12690452 124  0  1796   104 23745 22089 17 1 82 0  0  0
 4  0 62100768 102954612 36 12692304 12   0   860     0 21980 22448 14 1 85 0  0  0
 4  0 62100764 102952004 36 12694044 48   0  1268     0 21900 20083 14 0 86 0  0  0
 4  0 62100764 102955504 36 12696044 0    0   912     0 21381 18891 14 1 86 0  0  0
 8  0 62100736 102952748 36 12697812 0    0   896     0 23257 22845 15 1 85 0  0  0
 4  0 62100732 102951540 36 12699740 0    0   864   508 21719 22287 14 1 85 0  0  0
procs -----------memory---------- ---swap-- -----io---- -system-- -------cpu-------
 r  b   swpd   free   buff  cache   si   so    bi    bo   in   cs us sy id wa st gu
 4  0 62100732 102950468 36 12701348 4    0   916     0 22174 22305 14 1 85 0  0  0
 4  0 62100720 102942820 36 12703392 0    0   916  3136 22136 22200 14 1 85 0  0  0
 4  0 62100720 102937492 36 12705092 0    0   896     0 19118 17330 15 1 85 0  0  0
 4  0 62100716 102916136 36 12706856 0    0   912     0 19056 18431 14 1 85 0  0  0
 5  0 62100712 103330032 36 12714420 0    0  3264  3056 21438 19146 15 1 85 0  0  0
 4  0 62100708 103295664 36 12717180 0    0   928     0 23333 21581 14 1 85 0  0  0
 6  0 62100708 103319628 36 12719304 12   0   908     0 19709 24507 13 1 86 0  0  0
 3  0 62100708 103324780 36 12722208 0    0   912     0 18008 21511 11 1 88 0  0  0
 3  0 62100708 103335024 36 12723668 8    0   952     0 17920 22165 11 1 88 0  0  0
 3  0 62100708 103331000 36 12726452 0    0  1024    48 17085 17391 11 1 88 0  0  0
 3  0 62100708 103315708 36 12728164 0    0   928     0 17402 18244 12 1 87 0  0  0
 3  0 62100708 103331192 36 12730268 0    0   912     0 16477 17045 12 1 88 0  0  0
 3  0 62100708 103326424 36 12732132 152  0  1048     0 16580 16975 11 0 88 0  0  0
 4  0 62100708 103333564 36 12734036 188  0  1116 18240 17263 17375 12 1 88 0  0  0
 3  0 62100708 103336532 36 12735944 0    0   928     0 16691 16313 11 0 88 0  0  0
 3  0 62100708 103324636 36 12737928 0    0   912     0 17653 20168 12 1 88 0  0  0
 3  0 62100708 103315988 36 12739928 96   0  1008   104 17263 20000 12 1 88 0  0  0
 3  0 62100708 103325856 36 12741592 0    0   912     0 17642 19676 11 1 88 0  0  0
 3  0 62100708 103325252 36 12743840 40   0   984     0 16604 19304 12 1 88 0  0  0
 6  0 62100708 103307180 36 12745816 16   0   964     0 16526 18267 12 1 88 0  0  0
 6  0 62100708 103312980 36 12747808 0    0   948     0 16580 17280 11 1 88 0  0  0
procs -----------memory---------- ---swap-- -----io---- -system-- -------cpu-------
 r  b   swpd   free   buff  cache   si   so    bi    bo   in   cs us sy id wa st gu
 3  0 62100704 103304240 36 12749760 4    0   916     0 15724 17028 11 1 88 0  0  0
 2  1 62100700 103286544 36 12751676 4    0   932   148 17450 21129 12 1 87 0  0  0
 3  0 62100700 103283804 36 12753708 72   0   984     4 16578 20114 11 1 88 0  0  0
 4  0 62100700 103255456 36 12755740 0    0   928  1300 19188 22157 13 1 86 0  0  0
 4  0 62100700 103251912 36 12757760 0    0   832     0 17970 18898 14 1 85 0  0  0
 3  0 62100700 103267284 36 12759680 0    0   912     0 19189 23539 12 1 87 0  0  0
35  0 62100700 103251796 36 12761480 0    0   848     0 55652 131083 15 2 83 0 0  0
17  0 62100700 103253724 36 12763356 0    0   896     0 55384 105421 16 2 82 0 0  0
 5  0 62100700 103251320 36 12765340 0    0   884    12 56274 115289 17 2 82 0 0  0
 5  0 62100700 102970416 36 12891244 4    0 82156   620 63046 138978 19 3 78 0 0  0
 5  0 62100700 102641900 36 12895636 88   0  1760   104 59028 145137 22 2 77 0 0  0
 7  0 62100292 102337164 36 13045676 8    0 135420    0 59784 134380 22 2 76 0 0  0
 7  0 62100292 101247876 36 13047328 36   0   868     0 70126 174537 28 2 71 0 0  0
 8  0 62100292 101583772 36 13056744 192  0  4076 10452 97880 182041 28 2 69 0 0  0
38  0 62100292 101585984 36 13058508 4    0   836     0 75871 172289 28 2 70 0 0  0
 7  0 62100292 101500156 36 13060560 0    0   832   516 67999 145673 30 2 69 0 0  0
 8  0 62100284 101737700 36 13062180 0    0   816     0 56292 100970 36 2 63 0 0  0
 7  0 62100284 101785956 36 13072544 96   0   848     0 70904 94180 36 1 63 0  0  0
 5  0 62100284 101702252 36 13077156 160  0  1008    44 71523 92696 35 1 64 0  0  0
 4  0 62100284 102268204 36 13079456 0    0  7256  7300 45359 75867 28 1 71 0  0  0
 4  0 62100284 102270120 36 13081212 80   0   936     0 43608 71591 27 1 72 0  0  0
procs -----------memory---------- ---swap-- -----io---- -system-- -------cpu-------
 r  b   swpd   free   buff  cache   si   so    bi    bo   in   cs us sy id wa st gu
 2  1 62100284 102270036 36 13082204 12   0   540     0 45225 70714 26 1 72 1  0  0
 4  0 62100284 102292288 36 13083736 372  0  1140     0 46529 79691 27 1 72 0  0  0
 4  0 62100280 102317036 36 13085700 0    0   832     0 44930 77559 27 1 72 0  0  0
 4  1 62100280 102347124 36 13087680 0    0   816    20 42661 72484 25 1 74 0  0  0
29  2 62100280 101389660 36 13112924 0    0  1952 39528 130962 87209 26 1 72 1 0  0
 7  0 62100280 100970444 36 13114768 172  0  1004  8172 49037 94354 29 1 69 0  0  0
 7  0 62100280 101049224 36 13116632 32   0   800     0 46346 88766 31 1 68 0  0  0
11  0 62100280 101415776 36 13119484 4    0   820     0 77027 84083 30 1 69 0  0  0
 8  0 62100280 101429408 36 13133184 0    0  2532 25260 57406 85312 31 1 68 0  0  0
 7  0 62100280 101428736 36 13134948 4    0   772     0 45408 89144 31 1 68 0  0  0
 7  0 62100252 101445624 36 13141496 8    0   792     0 49342 88237 31 1 68 0  0  0
 7  0 62100252 101441216 36 13143260 0    0   784     0 43537 84080 30 1 69 0  0  0
 8  0 62100252 101408188 36 13146188 0    0  1700     0 40365 81727 29 1 70 0  0  0
 7  0 62100252 101617156 36 13151012 128  0  1212    96 94719 85520 29 2 70 0  0  0
 8  0 62100252 101565028 36 13153180 0    0   864     0 41752 88427 27 2 71 0  0  0
33  0 62100252 101731368 36 13157672 0    0   800     0 54564 90018 27 2 71 0  0  0
 7  0 62100220 101714704 36 13159548 36   0   836     0 41013 99593 29 1 70 0  0  0
 7  0 62100220 101697416 36 13175428 52   0  8528     4 58781 101712 29 2 69 0 0  0
 8  0 62100220 101661192 36 13178900 16   0   800     0 38716 88466 27 1 72 0  0  0
 8  0 62100220 101523176 36 13186948 8    0   776     0 45286 101682 30 1 68 0 0  0
10  0 62100220 101258860 36 13187772 0    0   876     4 53567 114769 34 2 64 0 0  0
procs -----------memory---------- ---swap-- -----io---- -system-- -------cpu-------
 r  b   swpd   free   buff  cache   si   so    bi    bo   in   cs us sy id wa st gu
 9  0 62100220 101061324 36 13194080 24   0  1808     4 43437 67495 36 1 63 0  0  0
 9  0 62100220 100792576 36 13200828 12   0   716  3808 61818 61204 35 2 63 0  0  0
 6  0 62099600 100716212 36 13207960 44   0  3304     0 58544 57085 33 1 65 0  0  0
 6  0 62099600 101213496 36 13220456 132  0 13704 13296 39886 58416 27 2 71 0  0  0
 5  0 62099596 101096792 36 13222428 28   0   828    88 40547 52345 26 1 73 0  0  0
11  0 62099584 102179076 36 13257492 20   0  9060 31948 62632 97534 35 7 56 1  0  0
11  0 62099584 102203532 36 13305572 0    0  6368 80600 57087 97184 30 7 61 2  0  0
 3  0 62099580 102182880 36 13325636 12   0  3448 23820 48324 64922 24 4 71 1  0  0
 3  0 62099348 102223360 36 13327880 0    0   876   200 36730 47106 20 1 79 0  0  0
 3  0 62099348 102254480 36 13330168 12   0   908    48 34466 42037 17 1 82 0  0  0
 3  0 62099348 102291824 36 13332212 0    0   864     0 36610 44176 17 1 81 0  0  0
 3  0 62099348 102335744 36 13334012 0    0   832     0 34366 42344 17 1 82 0  0  0
34  0 62099348 102330784 36 13336348 4    0   872     0 37540 44820 18 1 81 0  0  0
 3  0 62099348 102350068 36 13338456 0    0   832    72 34168 38956 18 1 82 0  0  0
 3  0 62099348 102357132 36 13340572 4    0   976     0 36302 43581 18 1 81 0  0  0
 4  0 62099348 102379544 36 13342552 160  0  1024  2816 34685 41568 17 1 82 0  0  0
 3  0 62099348 102393804 36 13344616 0    0   880     0 34227 38866 18 1 82 0  0  0
 4  0 62099348 102434524 36 13346748 0    0   832     0 33687 84104 16 1 83 0  0  0
 3  0 62099348 102450652 36 13348976 28   0   928     0 59438 114017 17 1 82 0 0  0
 4  0 62099348 102467656 36 13350892 0    0   848   600 56084 121549 19 2 79 0 0  0
 5  0 62099348 102487500 36 13352956 0    0   800     8 55763 119517 19 2 79 0 0  0
procs -----------memory---------- ---swap-- -----io---- -system-- -------cpu-------
 r  b   swpd   free   buff  cache   si   so    bi    bo   in   cs us sy id wa st gu
 4  0 62099348 102512544 36 13355060 12   0  1068     0 57152 119933 19 2 79 0 0  0
 5  0 62099348 102051888 36 13356716 0    0  1132    84 59689 138109 22 2 76 0 0  0
 5  0 62099348 101606676 36 13358948 0    0   888     0 60538 142900 22 2 76 0 0  0
 5  0 62099348 101394432 36 13360836 32   0  1040     0 59197 135104 22 2 76 0 0  0
 5  0 62099348 101191480 36 13363152 8    0   952     0 60589 138426 22 2 76 0 0  0
 5  0 62099348 101119960 36 13367148 0    0   832     0 60793 147712 23 2 75 0 0  0
 7  1 62099348 102298404 36 13441332 0    0 14052 41820 90810 251670 32 8 58 2 0  0
 7  1 62099348 102097340 36 13464844 36   0  4308 29628 81877 207191 33 6 59 2 0  0
35  0 62099348 101896072 36 13482464 168  0  3712 21720 91564 185576 33 6 60 1 0  0
 5  0 62099340 101947308 36 13478072 0    0  2140 10460 73876 118718 23 2 74 0 0  0
 4  0 62099340 101783984 36 13479860 224  0  1008     4 70284 110698 25 1 74 0 0  0
 4  0 62099332 101563264 36 13481992 12   0   844 137792 71942 129463 26 2 72 0 0 0
 4  0 62099332 101528516 36 13483832 0    0   800     0 69920 114105 25 2 73 0 0  0
 6  0 62099332 101467660 36 13485996 8    0   828     0 71037 124314 26 2 73 0 0  0
 4  0 62099332 101395836 36 13497440 0    0   848     0 65724 104407 21 1 77 0 0  0
 4  0 62099332 101299380 36 13503888 0    0   896    28 63128 97189 19 1 80 0  0  0
 5  0 62099332 101293152 36 13493092 0    0   816     0 63443 98169 20 1 78 0  0  0
36  0 62099328 101201124 36 13495712 0    0   832  1472 63579 95432 20 1 78 0  0  0
 4  0 62099328 101212492 36 13497760 0    0   880     0 63754 98927 20 1 78 0  0  0
 4  0 62099328 101251056 36 13499944 0    0   932     0 65610 100468 21 1 78 0 0  0
 4  0 62099324 101301668 36 13501880 0    0   832     0 62983 99093 19 1 79 0  0  0
procs -----------memory---------- ---swap-- -----io---- -system-- -------cpu-------
 r  b   swpd   free   buff  cache   si   so    bi    bo   in   cs us sy id wa st gu
35  0 62099324 101341928 36 13503980 0    0   884     0 63537 98227 20 1 78 0  0  0
 5  0 62099324 101389204 36 13505912 0    0   864   104 51226 81170 18 1 81 0  0  0
 4  0 62099324 101373876 36 13511884 0    0   912 10316 36018 70507 18 1 80 0  0  0
 4  0 62099324 101398028 36 13513956 12   0   876     0 35330 69800 19 1 80 0  0  0
29  0 62099324 101397784 36 13515912 8    0   856     0 35158 69364 19 1 80 0  0  0
 4  0 62099312 101375736 36 13517828 0    0   848     0 34449 66454 19 1 80 0  0  0
 4  0 62099300 101364348 36 13519932 8    0   856   352 35907 70489 20 1 79 0  0  0
 4  0 62099300 101367196 36 13521896 4    0   820     0 35267 67973 19 1 79 0  0  0
 4  0 62099300 101366900 36 13523848 0    0   816     0 36498 70521 19 1 79 0  0  0
 4  0 62099300 101372208 36 13525788 0    0   848     0 34379 66187 18 1 81 0  0  0
 4  0 62099300 101373176 36 13527948 0    0   832     0 36005 72070 19 1 79 0  0  0
 4  0 62099300 101383156 36 13530000 0    0   880   832 35681 69890 19 1 80 0  0  0
 4  0 62099300 101338772 36 13531948 0    0   832   700 37976 69256 20 1 79 0  0  0
 4  0 62099300 101304592 36 13533808 0    0   800     0 42141 67502 21 1 78 0  0  0
 4  0 62099300 102231540 36 13581664 0    0 20016 20372 46143 71825 20 2 78 0  0  0
 8  0 62099300 101895888 36 13583512 4    0   876     0 100324 79378 24 2 75 0 0  0
 7  0 62099300 101756216 36 13592872 0    0   864  2672 43423 81647 26 1 72 0  0  0
 4  0 62099292 101858292 36 13598524 0    0   800     0 42362 72067 22 1 77 0  0  0
 4  0 62099292 101858972 36 13600496 12   0   844     0 41462 68114 21 1 78 0  0  0
31  0 62099292 101871008 36 13602236 0    0   816     0 41234 66223 20 1 79 0  0  0
 4  0 62099292 101901584 36 13604568 0    0   968     0 45477 75101 21 1 77 0  0  0
procs -----------memory---------- ---swap-- -----io---- -system-- -------cpu-------
 r  b   swpd   free   buff  cache   si   so    bi    bo   in   cs us sy id wa st gu
 4  0 62099292 101905460 36 13606464 0    0   880     0 40003 66653 19 1 80 0  0  0
 5  0 62099292 101900368 36 13608476 0    0   816  7392 40178 65821 18 1 81 0  0  0
12  0 62099292 101879572 36 13610432 0    0   864     0 39771 65499 19 1 80 0  0  0
 4  0 62099292 101862368 36 13612500 0    0   832     0 40791 67609 19 1 79 0  0  0
24  0 62099292 101868288 36 13615068 0    0   864     0 39750 65623 19 1 80 0  0  0
 4  0 62099248 101843044 36 13669008 0    0  8128 90740 41168 77993 19 1 79 0  0  0
 4  0 62099232 101847508 36 13670860 0    0   816     0 40918 65768 19 1 80 0  0  0
35  0 62099232 102210616 36 13679024 0    0  3228  2872 46155 70303 18 2 80 0  0  0
 3  0 62099232 102174312 36 13680920 0    0   864     0 44433 99546 17 2 81 0  0  0
 4  0 62099232 102195440 36 13683084 44   0   932     0 58631 114905 17 2 81 0 0  0
 3  0 62099228 102206460 36 13685156 0    0   880   104 54307 102077 15 1 83 0 0  0
 3  0 62099228 102226296 36 13687124 16   0   880     0 55485 104575 15 1 83 0 0  0
 3  0 62099228 102234624 36 13688752 0    0   880     0 55279 104946 16 2 83 0 0  0
 3  0 62099228 102242688 36 13691192 0    0   864     0 54974 111607 16 1 82 0 0  0
 3  0 62099228 102233756 36 13693680 8    0  1088     0 57444 113679 16 2 82 0 0  0
 5  0 62099228 102247044 36 13695644 4    0   852     0 54679 109698 17 2 82 0 0  0
 4  0 62099228 102173100 36 13683800 40   0  2116     0 56399 113619 17 2 81 0 0  0
 5  0 62099228 102012832 36 13686012 0    0   884     8 56290 118313 18 2 80 0 0  0
35  0 62099228 101791204 36 13688644 0    0  1396 16800 56221 120817 21 1 78 0 0  0
