procs -----------memory---------- ---swap-- -----io---- -system-- -------cpu-------
 r  b   swpd   free   buff  cache   si   so    bi    bo   in   cs us sy id wa st gu
29  2 62961940 104130556 24 6668668 2128 2712 48362 28473 119523 12 29 3 66 2  0  0
27  0 62963116 104355300 24 6149616  0    0 34768  4188 105532 291672 85 6 8 1 0  0
27  1 62963116 104521300 24 6007784  0    0  4012     0 48135 277461 87 3 10 0 0  0
34  0 62963116 104464440 24 6043460  4    0 21160     0 46067 298608 87 2 11 1 0  0
55  1 62963116 104444860 24 6050568  0    0  1280     0 45050 297951 87 2 11 0 0  0
53  0 62962608 104500048 24 6079560 16    0 12196     0 45991 301825 88 2 9 0  0  0
29  0 62962604 104542612 24 6091048  8    0  5284     0 47505 333022 87 2 10 0 0  0
54  1 62962604 104521872 24 6102752  0    0  3752     0 46359 317670 87 2 11 0 0  0
28  0 62956988 104600712 24 6178172 36    0 42660 10856 56223 337397 83 5 10 2 0  0
47  1 62956988 104399204 24 6106816  4    0 10212 32496 53393 172790 86 4 10 0 0  0
56  0 62956988 104568160 24 6068672  0    0  7640     0 50542 161783 87 3 10 0 0  0
26  0 62956988 104546016 24 6082300  0    0 10432  1592 43999 181556 84 2 13 0 0  0
28  0 62956988 104917788 24 6130348  0    0 12020     0 46714 177857 84 2 13 0 0  0
59  0 62956988 105459956 24 6146536  0    0  6332  4360 48642 179251 84 3 13 0 0  0
52  0 62956988 105226156 24 6173996  8    0 12164  2948 46229 187826 84 3 13 0 0  0
26  0 62951596 105061680 24 6192696  0    0  3420  1864 43209 186656 84 3 13 0 0  0
26  1 62951596 105111228 24 6225360 48    0 13588     0 42950 187006 84 2 13 0 0  0
55  1 62951596 105517460 24 6236484  4    0  2588  2416 44268 177254 83 2 14 0 0  0
25  1 62951596 105487784 24 6273260  0    0  2296     0 41106 177078 81 2 16 0 0  0
26  0 62951596 105926780 24 6309644  0    0   576     0 43916 153571 80 2 18 0 0  0
27  0 62951032 105890824 24 6337152 904   0  7332  6480 51990 363255 80 4 16 1 0  0
procs -----------memory---------- ---swap-- -----io---- -system-- -------cpu-------
 r  b   swpd   free   buff  cache   si   so    bi    bo   in   cs us sy id wa st gu
25  1 62951024 105962480 24 6364368  0    0  5156  4972 51687 375574 81 3 16 0 0  0
25  0 62951024 105797804 24 6382040  0    0   696     0 52083 358316 81 3 16 0 0  0
52  1 62951024 106056872 24 6397536 84    0 15868 14448 58341 386985 79 5 15 1 0  0
27  0 62951024 105510028 24 6418732  0    0  8964  7500 56038 378009 82 4 14 0 0  0
26  1 62951024 105449184 24 6459268  4    0  5220  5008 53622 385827 83 4 13 1 0  0
28  3 62951008 105348656 24 6491664  0    0 18772 15260 54754 367589 84 4 11 1 0  0
53  0 62951008 104733524 24 6517960  0    0  9272   332 46303 363268 87 3 10 1 0  0
28  0 62951008 105062348 24 6533296 12    0   572     0 45521 309365 87 2 10 0 0  0
58  1 62951008 105327992 24 6558112  0    0  4888  4984 45274 172845 87 3 10 0 0  0
28  1 62951008 105270224 24 6554332 16    0  2156  5704 47545 176902 86 3 11 0 0  0
28  0 62951008 105237944 24 6607692 28    0 16372 11964 50650 178738 85 4 10 1 0  0
29  0 62951000 105177820 24 6646272 28    0 18988  6644 49754 180083 86 3 10 1 0  0
58  1 62951000 105138440 24 6661344  0    0  3472  2012 45582 182481 86 3 11 0 0  0
62  0 62951000 105020296 24 6676020  0    0  1564     0 43073 165530 87 2 11 0 0  0
27  0 62951000 105253340 24 6697048 16    0  2924  3516 48947 183756 86 3 10 0 0  0
29  1 62951000 105379936 24 6721948  0    0  5888  6672 50269 187349 86 3 11 0 0  0
26  1 62950616 105359480 24 6703372 20    0  3688  4848 53758 206120 83 4 12 1 0  0
27  0 62950616 105008916 24 6750828 80    0  9908 10684 47888 179870 84 4 11 1 0  0
27  0 62950616 105124564 24 6756596  0    0  3872  3636 50071 183640 85 3 11 0 0  0
32  0 62950616 105286428 24 6742848  0    0 10996 137812 53983 373591 85 5 9 1 0  0
27  0 62950616 104557472 24 6745740  4    0  2412  2240 45345 340559 87 3 10 0 0  0
procs -----------memory---------- ---swap-- -----io---- -system-- -------cpu-------
 r  b   swpd   free   buff  cache   si   so    bi    bo   in   cs us sy id wa st gu
27  1 62950616 104555332 24 6797168 44    0 36028 95612 52450 349416 86 5 9 1  0  0
27  0 62950176 104610300 24 6791856 16    0  2204  2236 47667 351105 86 3 10 0 0  0
30  0 62950176 104453392 24 6791248  0    0  1580  1224 44700 345099 87 3 10 0 0  0
55  1 62950176 104539584 24 6811340  4    0  4700  4608 45757 346684 86 3 11 1 0  0
58  1 62950176 104542920 24 6840800 412   0 28560  1436 46400 330033 87 3 9 0  0  0
53  2 62950176 104818060 24 6838896 224   0  5772  6488 49835 336105 85 4 10 0 0  0
27  0 62948760 104641336 24 6859920 164   0  5492  1836 46856 301728 86 3 10 0 0  0
30  0 62948460 104491524 24 6879168 20    0   388     0 43306 169067 87 2 11 0 0  0
56  0 62948460 104582624 24 6880740 72    0  3260  3332 45410 176730 86 3 11 1 0  0
30  0 62948460 104551948 24 6901376 12    0  1744  1652 45438 169427 86 3 11 0 0  0
27  2 62948460 104732656 24 6886948 20    0  5756  5228 47555 188180 86 3 10 0 0  0
56  0 62948460 104189524 24 6875404 16    0   592     0 43735 179239 86 3 10 0 0  0
27  0 62948460 104810272 24 6754764 108   0  4344  2976 88381 177110 86 3 11 0 0  0
58  0 62948460 104832268 24 6765216  0    0   384  4152 41925 170137 87 2 11 0 0  0
27  0 62948460 104896316 24 6753840  8    0  7780  6404 45872 170718 85 3 11 0 0  0
27  0 62948460 104557484 24 6776096 36    0  9328  2716 43008 171797 86 3 11 0 0  0
27  0 62948028 104592796 24 6792688 20    0  5048  3408 46480 175355 86 3 11 0 0  0
26  0 62948024 104886032 24 6804692 36    0  6064  4560 47771 82983 84 2 14 0  0  0
27  0 62948024 105226500 24 6846488  4    0 42544  5052 45845 22646 82 2 15 1  0  0
27  0 62948012 105335148 24 6926092 32    0 59744  1500 44271 21129 82 2 16 1  0  0
26  0 62948012 105416240 24 6980292  8    0 16980  5416 56375 18944 80 2 17 0  0  0
procs -----------memory---------- ---swap-- -----io---- -system-- -------cpu-------
 r  b   swpd   free   buff  cache   si   so    bi    bo   in   cs us sy id wa st gu
25  1 62948012 106156760 24 7020036  8    0 32708 11332 70166 29157 80 3 17 1  0  0
26  0 62948012 106424332 24 7029440 40    0  4304  5216 84872 16756 80 2 18 0  0  0
