procs -----------memory---------- ---swap-- -----io---- -system-- -------cpu-------
 r  b   swpd   free   buff  cache   si   so    bi    bo   in   cs us sy id wa st gu
66  1 62552264 98962020 20 7922552 2129 2712 48376 28481 119547 12 29 3 66  2  0  0
45  0 62597900 99290744 20 7606356   0 21472 21988 44348 725009 150732 94 5 1 0 0 0
62  0 62629316 99889704 20 7304020  48 79484 36392 79484 524455 153092 95 5 1 0 0 0
33  0 62629316 100027948 20 7364680  4    0 28456  4428 48173 194386 95 4 1 0  0  0
47  0 62673976 100419896 20 7023156  4 1956   500  1956 725237 145617 94 5 1 0 0  0
66  0 62686492 100556976 20 6939028  0 2556  4184  4528 233504 176286 95 3 1 0 0  0
45  0 62725212 100722976 20 6844916  4 2560  6032  4576 672256 163672 95 4 1 0 0  0
35  0 62760136 100765632 20 6776792  0 1024  6696  1024 454452 156327 95 4 1 0 0  0
70  0 62780460 100756400 20 6671404  0 1536  1148  1536 360479 148876 95 4 1 0 0  0
34  0 62780516 101031656 20 6663316  0    0  8252     0 46069 171213 97 2 1 0  0  0
65  1 62780516 101057524 24 6692440  0    0 17588   104 44543 168104 97 2 1 0  0  0
54  1 62780516 100955024 24 6931096  8    0 207520    0 44913 205775 95 3 2 1  0  0
45  0 62781352 100869356 24 6792504 24  512 27192 44376 63180 161149 93 6 1 0  0  0
73  0 62812848 100869172 24 6632388  0 37900 10284 41368 535379 151877 94 5 1 0 0 0
31  1 62900416 101326920 8 6544824  32 49012 15216 56140 1409119 141671 93 7 0 0 0 0
63  0 62896356 101134744 8 6542060   4  512  3096  2048 72072 166038 95 3 2 0  0  0
29  2 62937896 102040044 8 6522928   4 5792  4796  9604 692541 181153 93 4 2 0 0  0
31  0 62937896 101737684 8 6535480   0    0  2820     0 44412 187321 94 2 4 0  0  0
30  3 62937832 102030360 8 6584288 240    0 19160     0 50606 182944 94 3 3 0  0  0
29  3 62937464 102307272 8 6659672 628    0 43692    96 49788 202011 93 3 2 1  0  0
73  0 62937240 102166468 8 6721688 156    0 33868  1648 47789 191866 94 3 1 1  0  0
procs -----------memory---------- ---swap-- -----io---- -system-- -------cpu-------
 r  b   swpd   free   buff  cache   si   so    bi    bo   in   cs us sy id wa st gu
31  0 62937240 102325428 8 6775052   4    0 28000     0 49032 194772 95 3 1 0  0  0
34  3 62937240 102680968 16 6961628  0    0 55972 55052 53622 201215 94 4 2 1  0  0
55  0 62898100 102120980 24 7236628 404   0 194452 84516 63600 228674 93 5 1 1 0  0
32  0 62898100 101925404 24 7357800  0    0 60292  2008 53188 181935 94 4 1 0  0  0
40  1 62898100 101827432 24 7466060 164   0 62372  1716 48779 138976 94 4 2 0  0  0
53  0 62898100 101805064 24 7505124  4    0 26064  1404 48877 132457 94 4 2 1  0  0
41  1 62899148 101561168 24 7477836  8    4 25452  5220 72582 117701 95 3 1 0  0  0
30  3 62899148 102092732 24 7520408  4    0 20488  4704 50958 111998 94 4 1 0  0  0
66  1 62899148 101674904 24 7569196  0    0 41508 11696 54304 144609 92 5 2 1  0  0
59  0 62900596 101664544 24 7591708 1408 512 40636 5592 261651 129123 92 6 2 0 0  0
38  0 62944860 102318340 24 7478980  0 6144 17700 16588 657894 93122 92 7 0 0  0  0
32  0 62988348 102136788 24 7558172 76    0 44656 54548 229692 126635 93 6 1 0 0  0
43  0 63028448 102167048 24 7545264 100 512 25400 10264 318754 102908 94 5 0 0 0  0
30  4 63056820 102558416 24 7412872  8 2560 40556 17752 332682 111181 93 6 0 0 0  0
66  1 63105056 102212936 24 7369960 28  512 16940   512 291535 91590 95 5 0 0  0  0
68  0 63113820 102121360 24 7333792  4  952 17180 24096 888777 94829 93 7 0 0  0  0
32  2 63117564 101992740 24 7313588 56 1496 15364  1496 599372 85954 95 5 0 0  0  0
64  0 63117576 102409864 24 7228104  4    0 17404 17912 58690 104867 96 4 0 0  0  0
32  2 63106484 102667928 24 7282000 92    0 22576  4816 51390 94279 95 4 0  0  0  0
33  0 63106420 102708152 24 7330676 176   0 25372  2964 49938 104350 95 4 0 0  0  0
63  1 63106416 102841420 24 7348916  0    0 15140  1428 49259 99378 96 3 0  0  0  0
procs -----------memory---------- ---swap-- -----io---- -system-- -------cpu-------
 r  b   swpd   free   buff  cache   si   so    bi    bo   in   cs us sy id wa st gu
33  0 63106396 102609336 24 7359876  4    0 26196  6036 47650 104343 95 4 0 0  0  0
32  1 63106448 103161484 24 7204712 276 8188 33912 49804 63987 96970 95 5 0 0  0  0
33  0 63106440 103359744 24 6996968 232 2556 29056 8196 122999 104984 94 5 0 0 0  0
35  2 63106088 103581600 24 6619364 16 6144 21420  7888 184147 92092 94 5 0 0  0  0
34  1 63106160 103786032 24 6501236  0 2048 25612  6632 88907 102933 95 5 0 0  0  0
39  1 63106488 103624260 24 6348948  4 10468 25984 12068 95442 96081 95 5 0 0  0  0
35  0 63113228 103807140 24 6177772 252 6660 20936 37592 136341 98318 94 6 0 0 0  0
40  0 63131304 103683900 8 6015024   8 5160 19652  7356 135581 86234 94 6 0 0  0  0
35  3 63146140 103897328 4 5704096   8 5516 23004  5516 94340 81697 95 4 0  0  0  0
74  6 63146124 104528140 4 5737672 308    0 24820  2876 54621 122927 93 4 2 1  0  0
38  3 63150772 104093796 4 5737068 7712 448 100128  448 66411 94613 95 5 0  0  0  0
36  2 63174944 104365984 4 5693228 272 2448 97100 41848 151490 141699 92 7 0 0 0  0
39  0 63176820 104648048 8 5595744 100 3552 70876  5420 85877 174120 94 5 0 0  0  0
30  1 63176772 104596164 8 5651140 104    0 57916  7356 52786 214413 93 5 1 1  0  0
32  1 63242636 104135424 8 5610608   8 26668 19764 38096 52236 206871 93 5 1 0 0  0
34  3 63237804 104726388 8 5675252   8 1024 31156  5304 52978 226387 93 4 2 1  0  0
47  0 63236068 104296932 8 5717776   0    0 35152  5864 46881 209775 94 4 1 0  0  0
63  1 63233108 104756976 8 5733748   4    0 34720  5504 52960 234225 93 5 1 1  0  0
36  0 63243180 104320892 8 5733948  24 17208 35240 24548 55857 221956 92 6 1 1 0  0
45  6 63243368 103748476 8 5632272  84 236376 54852 280940 64544 198495 92 7 1 0 0 0
30  2 63243284 103942684 8 5651844 696 89440 40020 154380 57473 217112 93 5 1 0 0 0
procs -----------memory---------- ---swap-- -----io---- -system-- -------cpu-------
 r  b   swpd   free   buff  cache   si   so    bi    bo   in   cs us sy id wa st gu
65  0 63238488 103490248 8 5699020 1064 87352 29448 87488 61826 162813 95 5 0 0 0 0
44  1 63238488 103503336 8 5727676  36 83732 12724 83732 57822 144444 96 4 0 0 0  0
68  1 63238480 103425512 8 5754840   0 49020 16320 50500 61889 148243 95 5 0 0 0  0
63  1 63237540 103609956 8 5778340   0 126452 17072 129100 60545 137843 94 5 0 0 0 0
66  2 63234556 103073216 8 5817460 2972 26264 37796 30756 59104 159529 94 5 0 0 0 0
54  1 63234548 102951888 8 5832048  12 25448 17208 27668 60683 155585 96 3 0 0 0  0
43  0 63234548 103322148 8 5877372   4 1024 23676  1024 51921 152550 96 3 0 0  0  0
31  3 63232800 103707988 8 5895680  36    0 22536  3144 59850 162025 96 4 0 0  0  0
33  0 63232580 103715800 8 5923312  52    0 28228  5148 58109 166272 95 4 0 0  0  0
67  0 63232352 104163832 8 5941452  36    0 22240  6392 58644 157313 96 4 1 0  0  0
55  0 63232344 104386068 8 5967696  28    0 17544  2040 61902 138036 96 3 0 0  0  0
38  0 63176652 104736528 8 5989288  32    0 18660  4340 70839 142382 96 4 0 0  0  0
46  0 63176648 105083732 8 6019432  16    0 18492  2360 71532 139131 96 3 0 0  0  0
53  0 63176624 105700424 8 6047960   0    0 23444  6504 71902 145623 96 4 0 0  0  0
32  2 63176584 106189268 8 6062336   0    0 24560  7060 92262 147320 95 4 1 0  0  0
36  1 63176580 106475500 8 6135072 264    0 33064   200 141503 148357 95 4 1 0 0  0
13  0 63176480 107665928 8 6181496 628    0 55308 18616 75742 275822 57 5 37 1 0  0
10  0 63162196 108434896 8 6234864  20    0 42180  6148 53418 171722 34 3 62 1 0  0
11  0 63152944 108778264 8 6372388  72    0 67200  3816 56387 157770 34 4 60 2 0  0
 9  0 63152920 108686312 8 6439196 136    0 43172     0 43705 133366 34 3 62 1 0  0
10  0 63152920 108646276 8 6488904   0    0 25936     0 41554 118785 31 3 65 1 0  0
procs -----------memory---------- ---swap-- -----io---- -system-- -------cpu-------
 r  b   swpd   free   buff  cache   si   so    bi    bo   in   cs us sy id wa st gu
 9  1 63152092 108501228 8 6694424  20    0 105104  144 56254 141262 28 3 64 5 0  0
 9  2 63152060 108426320 8 6988468  72    0 118296 138784 59778 173883 31 4 62 2 0 0
36  0 63141448 108355972 16 7009016 396   0 44848 269152 60502 145356 31 3 64 1 0 0
 9  0 63141448 108463576 16 7038960  8    0 26732     0 40516 117583 32 3 65 1 0  0
 9  0 63141384 108312680 16 7081824 36    0 36808     0 45348 124828 33 3 64 1 0  0
 8  0 63141372 108285144 16 7171052 276   0 70956     0 47059 132159 33 3 63 1 0  0
 9  0 63141372 108297252 16 7186584 220   0  5224     0 42254 105082 32 2 66 0 0  0
41  0 63141300 108726264 16 7184132 24    0  2592  2148 50869 105119 34 2 64 0 0  0
40  1 63141300 108735596 16 7193080  4    0   956 118464 67547 118409 34 2 64 0 0 0
 9  0 63141244 109142480 24 7210512 28    0 19772 22312 50408 112195 34 2 64 0 0  0
 9  0 63141244 109227884 24 7214928  0    0   932     8 59000 102783 34 2 64 0 0  0
 9  0 63141240 109302660 24 7222000 188   0  2976     0 69701 98394 34 1 64 0  0  0
 9  0 63141232 109336448 24 7232560 32    0  8972   412 72318 105520 34 2 63 2 0  0
 6  1 63130488 109735916 24 7312744  4    0  2992    64 42562 82679 26 2 72 0  0  0
 7  0 63110056 108767532 24 7291012 400   0 26276 13892 146735 122666 26 6 68 0 0 0
34  0 63110056 108817776 24 7299984 24    0 10412  4804 38825 90589 26 2 72 0  0  0
 6  0 63110056 108943448 24 7314832 40    0   940     0 35770 78840 24 2 75 0  0  0
 4  0 63098608 109076652 24 7343148 84    0 29428     0 36921 73311 22 2 76 0  0  0
 4  0 63098608 109186376 24 7348660 160   0  4304     0 33639 64189 18 1 81 0  0  0
 4  0 63098608 109255136 24 7350364 68    0   948     0 32798 59621 19 1 80 0  0  0
 4  0 63098608 109344872 24 7352144 16    0   864     0 32614 60292 19 1 80 0  0  0
procs -----------memory---------- ---swap-- -----io---- -system-- -------cpu-------
 r  b   swpd   free   buff  cache   si   so    bi    bo   in   cs us sy id wa st gu
 4  0 63098608 109409896 24 7353940 52    0  1044     0 32557 59560 19 1 80 0  0  0
 4  0 63098596 109455720 24 7366232 20    0  8292     0 46876 196037 17 1 81 0 0  0
 4  0 63098596 109511260 24 7368640 36    0  1000   392 58712 120487 19 2 80 0 0  0
 4  0 63098596 109567640 24 7371020 116   0  1188   248 58016 117453 19 2 79 0 0  0
 5  0 63098488 109628860 24 7372968 28    0  1020   104 58561 121435 19 2 80 0 0  0
 5  0 63098488 109667884 24 7374784 104   0  1032     0 57201 122676 19 2 80 0 0  0
 4  0 63098464 109745244 24 7380468  0    0  4496     0 57987 123217 20 1 79 0 0  0
 4  0 63098464 109778928 24 7382280 12    0   940     0 57512 121794 19 2 79 0 0  0
 6  0 63098464 109805656 24 7393336 468   0  7868     0 57520 124267 19 1 79 0 0  0
 4  0 63098464 109830476 24 7395312  0    0   856   104 56856 116460 19 1 80 0 0  0
 4  0 63098464 109831932 24 7408396 84    0  7488     0 55664 110301 22 1 77 0 0  0
 4  0 63098464 109837748 24 7410100 140   0   956     0 44115 72771 26 1 73 0  0  0
 4  0 63098464 109843096 24 7414976 20    0  3900     0 44561 73788 26 1 73 0  0  0
 4  0 63098464 109856092 24 7416604 48    0   864     0 43983 70440 27 1 73 0  0  0
36  0 63098464 109862824 24 7419132  4    0  1800     0 44267 69417 28 1 71 0  0  0
 4  0 63098464 109879516 24 7420924 28    0  1080     0 45192 73757 29 1 70 0  0  0
 4  0 63098464 109877744 24 7422556  0    0   784     0 45155 74155 29 1 70 0  0  0
 4  0 63098456 109891972 24 7424416  0    0   860     0 44716 72344 29 1 70 0  0  0
 4  0 63098456 109887328 24 7426328  0    0   816  4964 44524 73290 28 1 71 0  0  0
 4  0 63098456 109885420 24 7428264  0    0   832     0 42942 69703 26 1 73 0  0  0
 4  0 63098312 109887892 24 7429892 28    0   828 19680 41012 66906 23 1 76 0  0  0
procs -----------memory---------- ---swap-- -----io---- -system-- -------cpu-------
 r  b   swpd   free   buff  cache   si   so    bi    bo   in   cs us sy id wa st gu
 9  0 63097704 109878088 24 7433560  8    0  1356     0 41607 69688 23 1 76 0  0  0
 4  0 63097692 109868836 24 7435792  4    0   884     0 41058 64422 23 1 76 0  0  0
 5  0 63097692 109865012 24 7437648 16    0   896    92 40051 65617 23 1 77 0  0  0
35  0 63097692 109859276 24 7439592 108   0  1036     0 40835 66687 23 1 76 0  0  0
 5  0 63097692 109862300 24 7441336 228   0  1116     0 41175 67626 24 1 75 0  0  0
 4  0 63097692 109864248 24 7443220 176   0  1024     0 40680 70204 23 1 76 0  0  0
 4  0 63097692 109876296 24 7444948 296   0  1244     0 41850 71147 24 1 75 0  0  0
 7  0 63097692 109747196 24 7467340 84    0 10636    12 42514 80286 23 1 76 0  0  0
 6  0 63097692 109676932 24 7469100 76    0   956     0 37323 86956 26 1 73 0  0  0
 6  0 63097688 109674492 24 7470860 48    0   864     0 37656 85405 26 1 73 0  0  0
 5  0 63097688 109670524 24 7472508  0    0   848     0 37416 75192 22 1 77 0  0  0
 5  0 63097688 109667964 24 7474188  0    0   816     0 37925 82130 22 1 77 0  0  0
 5  0 63097680 109700520 24 7476324 120   0   984   116 37108 79313 22 1 77 0  0  0
 4  0 63097680 109689080 24 7478116 16    0   848    20 36315 71390 21 1 77 0  0  0
 4  0 63097680 109709296 24 7479764  0    0   816     0 36086 69092 19 1 80 0  0  0
 4  0 63097680 109690948 24 7483188  4    0  2668     0 37859 74338 18 1 80 0  0  0
 4  2 63097680 109664804 24 7484948 20    0   836     0 37724 77138 19 1 80 0  0  0
 4  0 63097680 109684352 24 7486564  0    0   832     0 37493 75149 19 1 80 0  0  0
 4  0 63097680 109693968 24 7491512  8    0  3208   556 37347 59668 20 1 78 0  0  0
 4  0 63097680 109702812 24 7493240 12    0   860     0 37771 45676 22 1 77 0  0  0
 5  0 63097680 109721392 24 7495028  0    0   884     0 37397 44223 22 1 77 0  0  0
procs -----------memory---------- ---swap-- -----io---- -system-- -------cpu-------
 r  b   swpd   free   buff  cache   si   so    bi    bo   in   cs us sy id wa st gu
 4  0 63097680 109714260 24 7496628 28    0   844     0 38267 45099 22 1 77 0  0  0
 4  0 63097680 109713200 24 7498452  0    0   864     0 37760 45503 22 1 77 0  0  0
 4  0 63097680 109656120 24 7534204 32    0 10144 50892 39192 49514 22 1 76 0  0  0
 4  0 63097680 109662236 24 7535900  0    0   816     0 37912 44996 23 1 76 0  0  0
 5  0 63097680 109652028 24 7537484  0    0   800     0 37400 45598 23 1 76 0  0  0
 4  0 63097680 109661428 24 7539196 16    0   832     0 38020 47190 22 1 77 0  0  0
 4  0 63097680 109679132 24 7553604 12    0  3372 21456 36034 43081 20 1 79 0  0  0
 8  0 63097680 109641148 24 7555732 16    0   912  1312 35648 42740 20 1 79 0  0  0
 4  0 63097680 109621680 24 7557340 252   0  1156     0 36365 44286 20 1 79 0  0  0
 4  0 63097680 109628540 24 7559020 56    0   872     0 35929 45074 20 1 79 0  0  0
 5  0 63097680 109639760 24 7560812 16    0   848     0 36256 44864 21 1 78 0  0  0
 4  0 63097672 109601656 24 7565008 4148  0  7540     0 37281 49779 21 1 78 0  0  0
 4  0 63094848 109593772 24 7566772 152   0  1052  1120 35486 41938 20 1 79 0  0  0
 5  0 63094828 109597520 24 7568468 12    0   860     0 35861 41371 21 1 78 0  0  0
 3  0 63094816 109595748 24 7570448 12    0  1032     0 32326 35857 19 1 80 0  0  0
 3  0 63094808 109597548 24 7572272  4    0   900     0 10158 13158 9 0 90  0  0  0
 3  0 63094804 109601636 24 7574260 100   0  1312     0 10700 14503 10 0 90 0  0  0
 9  0 63094748 109578640 24 7576860 12    0  2132     0 27181 20921 10 0 89 0  0  0
 3  0 63094716 109153940 24 7599764 424   0 14240     0 27965 40376 15 1 83 0  0  0
 3  0 63094584 108993652 24 7678804 608   0 40024  6520 24621 37707 7 1 89  2  0  0
 7  0 63094564 108561104 24 7813984 148   0 62532     0 135129 27688 10 1 88 1 0  0
procs -----------memory---------- ---swap-- -----io---- -system-- -------cpu-------
 r  b   swpd   free   buff  cache   si   so    bi    bo   in   cs us sy id wa st gu
 3  0 63094560 108468768 24 7826480  0    0   848     0 13653 14690 11 0 89 0  0  0
 3  0 63094056 108731332 24 7824152 20    0  4584    16 12958 17742 9 0 90  0  0  0
