procs -----------memory---------- ---swap-- -----io---- -system-- -------cpu-------
 r  b   swpd   free   buff  cache   si   so    bi    bo   in   cs us sy id wa st gu
35  0 62137604 106884272 36 9156836 2131 2714 48411 28502 119613 12 29 3 66 2  0  0
36  0 62137604 106853796 36 9365120  4    0 49132 14372 47909 136932 48 3 49 0 0  0
 4  0 62137604 106779024 36 9365800  8    0   712   412 44609 120441 48 1 50 0 0  0
30  0 62137604 106752320 36 9372144 204   0  4320    80 46243 122806 49 2 49 0 0  0
32  0 62137596 106765320 36 9401236 1960  0 26216     0 45649 122025 48 2 50 0 0  0
24  0 62135784 106789928 36 9401392 72    0   728     0 45201 122507 49 2 50 0 0  0
37  0 62135752 106784484 36 9406932 116   0  3268     4 46440 120091 49 2 49 0 0  0
 4  0 62135752 106797160 36 9406904  0    0   608     0 43349 113743 48 2 50 0 0  0
37  1 62135752 106766116 36 9412672 60    0  4800  8620 46162 120542 49 2 49 0 0  0
22  0 62135752 106728268 36 9413544  8    0   632    20 44700 115723 49 2 49 0 0  0
 4  0 62135752 106747948 36 9413712 36    0   756     0 44259 111426 45 2 54 0 0  0
 4  0 62135752 106758576 36 9415076 80    0   800     0 38538 101024 33 1 65 0 0  0
 4  0 62135752 106764664 36 9415876  0    0   752     0 36185 98367 31 1 67 0  0  0
 5  0 62135752 106777608 36 9416964 68    0  1908     0 35158 97282 32 1 67 0  0  0
 4  0 62135752 106759180 36 9418028  0    0   800     0 34635 94951 31 1 67 0  0  0
 4  0 62135748 106771964 36 9419596 76    0   860  4920 35032 94291 32 1 67 0  0  0
 4  0 62134960 106781860 36 9421748 40    0   808    56 36084 94995 33 1 66 0  0  0
37  0 62134960 106778896 36 9423048  0    0   800     0 34424 93315 32 1 67 0  0  0
 4  0 62134928 106797820 36 9423860  0    0   768     0 35790 92996 32 1 67 0  0  0
 4  0 62134860 106777948 36 9424172 52    0   788     0 34963 90027 31 1 68 0  0  0
 4  0 62134860 106778380 36 9425164 16    0   784    72 35397 90665 31 1 68 0  0  0
procs -----------memory---------- ---swap-- -----io---- -system-- -------cpu-------
 r  b   swpd   free   buff  cache   si   so    bi    bo   in   cs us sy id wa st gu
34  1 62134860 106784452 36 9426488 12    0   828     0 31944 73146 27 1 72 0  0  0
 4  0 62134860 106782828 36 9426904 172   0   988     0 30791 72533 27 1 72 0  0  0
 4  0 62134860 106766744 36 9428308 28    0   912     0 32203 75982 27 1 72 0  0  0
31  0 62134860 106752292 36 9428648  0    0   800     0 31256 72079 27 1 72 0  0  0
 4  0 62134860 106799932 36 9429996  4    0   772     8 31522 73365 26 1 72 0  0  0
 4  0 62134860 106779476 36 9430604  0    0   800     0 31158 70058 27 1 72 0  0  0
 4  0 62134860 106759088 36 9431440 24    0   840     0 32121 74365 27 1 72 0  0  0
 4  0 62134860 106731048 36 9431944  0    0   832     0 31168 72304 27 1 72 0  0  0
 4  0 62134860 106745724 36 9433400  0    0   816     0 27486 51915 24 1 76 0  0  0
 4  1 62134860 106749732 36 9434332  0    0   864     4 26557 47502 22 1 76 0  0  0
 4  0 62134860 106771228 36 9434852  0    0   800     0 27851 48841 23 1 76 0  0  0
 4  0 62134860 106753340 36 9438720  0    0  1216 10708 28266 50110 22 1 77 0  0  0
32  0 62134860 106751340 36 9438892  0    0   784     0 26208 44954 22 1 77 0  0  0
 4  0 62130372 106739656 36 9440240  4    0  1228     0 27634 46890 22 1 77 0  0  0
 4  0 62130356 106739372 36 9441328  0    0   784     0 27684 46873 22 1 76 0  0  0
19  0 62130344 106703420 36 9467548  0    0  8560 39916 28746 51583 22 1 77 0  0  0
 4  0 62130344 106693004 36 9468420  0    0   816     0 27482 48720 21 1 78 0  0  0
 4  1 62130344 106721816 36 9479608  0    0  2096 24812 29354 49674 23 1 76 0  0  0
 5  1 62130344 106709412 36 9480428  0    0   816   224 35251 81278 30 1 69 0  0  0
35  0 62130344 106705424 36 9480976  0    0   640     0 46132 116417 48 2 50 0 0  0
38  0 62130344 106711712 36 9481496  0    0   640     0 45496 119947 48 2 50 0 0  0
procs -----------memory---------- ---swap-- -----io---- -system-- -------cpu-------
 r  b   swpd   free   buff  cache   si   so    bi    bo   in   cs us sy id wa st gu
24  0 62130336 106693684 36 9482004 44    0   684   372 46049 120327 49 2 50 0 0  0
26  1 62130292 106693400 36 9483128  0    0   624     0 45310 118943 49 2 49 0 0  0
35  0 62130292 106655756 36 9483884 284   0  1220     0 44298 114199 48 2 50 0 0  0
35  0 62130292 106671896 36 9484560  0    0   640     0 44503 118039 48 2 50 0 0  0
 5  0 62130292 106687292 36 9485052  0    0   624   640 44287 115099 49 2 50 0 0  0
 4  1 62130292 106684044 36 9485908 132   0   820  1964 44646 115235 49 2 49 0 0  0
 4  0 62130292 106654984 36 9525064 1804  0 27300   292 48874 125942 48 2 50 1 0  0
 5  1 62130292 106660340 36 9525936  0    0   656     0 44272 115139 49 2 49 0 0  0
 5  0 62130284 106647432 36 9537356 92    0  7352    72 41648 115222 39 2 59 0 0  0
 5  1 62130284 106636908 36 9537620  0    0   816     0 38032 118090 29 1 69 0 0  0
 4  0 62130284 106624420 36 9538808 16    0   816     0 37274 116245 29 1 69 0 0  0
 4  1 62130284 106634956 36 9539892  0    0   800     0 38575 119749 29 1 69 0 0  0
35  1 62130284 106641024 36 9540584  0    0   736     0 37042 118136 28 1 70 0 0  0
 5  1 62130284 106658660 36 9541468  4    0   788     0 36624 112681 29 1 69 0 0  0
 4  0 62130284 106656816 36 9542168  0    0   768     0 36162 111173 28 1 70 0 0  0
 4  0 62130284 106647292 36 9543076 48    0   844     0 35705 111880 29 1 70 0 0  0
 5  1 62130228 106618912 36 9543916  8    0   880     8 38317 120903 30 1 68 0 0  0
13  0 62130224 106618628 36 9544748  0    0   768     0 37691 121218 29 2 69 0 0  0
 4  0 62130224 106631720 36 9545512  0    0   768     0 34991 101408 27 1 72 0 0  0
31  1 62130224 106628480 36 9545692  0    0   800     0 32496 93743 26 1 73 0  0  0
 4  0 62130224 106634556 36 9547116  0    0   784    16 34227 93682 26 1 73 0  0  0
procs -----------memory---------- ---swap-- -----io---- -system-- -------cpu-------
 r  b   swpd   free   buff  cache   si   so    bi    bo   in   cs us sy id wa st gu
 4  0 62130224 106633392 36 9547280  0    0   768     0 33549 99128 26 1 72 0  0  0
 4  0 62130224 106626540 36 9554792 108   0  1084  2188 35935 105210 25 1 73 0 0  0
 4  0 62130212 106614608 36 9556760  8    0   760     0 34816 100213 26 1 72 0 0  0
 4  0 62130212 106608104 36 9557648 32    0   800     4 36336 107740 26 1 72 0 0  0
 4  0 62130208 106599924 36 9558384 64    0   880     0 34572 97996 26 1 73 0  0  0
 7  0 62130208 106587260 36 9559316  0    0   768   136 33836 94690 26 1 73 0  0  0
 5  0 62130208 106584040 36 9560116  4    0   772     0 33594 94920 26 1 73 0  0  0
 4  0 62130208 106598512 36 9561012  0    0   832     0 34070 97583 26 1 73 0  0  0
35  1 62130208 106633292 36 9561736 120   0   856   320 35394 106516 26 1 73 0 0  0
 4  1 62130208 106590000 36 9562540  0    0   784     0 35571 107285 26 1 73 0 0  0
35  1 62130204 106579724 36 9563484  0    0   816     0 35767 112419 26 1 72 0 0  0
 5  0 62130200 106583832 36 9568324  0    0  4832     0 35423 107334 26 1 73 0 0  0
 4  0 62130196 106603476 36 9569128  0    0   820     0 34259 107413 26 1 73 0 0  0
24  0 62130196 106615452 36 9569480 16    0   800     0 36090 107576 27 1 72 0 0  0
 5  0 62130196 106590696 36 9570260  0    0   768 19104 36127 109682 26 1 72 0 0  0
52  0 62130196 106588580 36 9571860  0    0   800     8 34683 105701 26 1 72 0 0  0
 4  0 62130028 106582736 36 9572684  4    0   804     0 36630 108373 26 1 73 0 0  0
