procs -----------memory---------- ---swap-- -----io---- -system-- -------cpu------- -----timestamp-----
 r  b   swpd   free   buff  cache   si   so    bi    bo   in   cs us sy id wa st gu                 MDT
 4  0 62778664 98795580 40 16850904 2126 2708 48311 28444 119406 12 29 3 66 2  0  0 2026-10-07 03:31:35
 7  0 62778656 99169520 40 16965068 20    0  4809  4875 32355 29800 19 1 80 0  0  0 2026-10-07 03:31:45
 9  0 62158276 105270172 40 16958004 108  0   954  1235 29079 16963 18 0 81 0  0  0 2026-10-07 03:31:55
 5  0 62158252 106252652 40 16987104 8    0  1453  1062 41194 23560 15 1 83 0  0  0 2026-10-07 03:32:05
 1  1 61934040 105753152 40 17227272 5476 0 15522  9642 22894 29598 11 1 87 2  0  0 2026-10-07 03:32:15
 1  0 61934032 106282752 40 17227848 8    0   268   509 6738 15980 3  0 96  0  0  0 2026-10-07 03:32:25
 1  0 61902264 106248568 40 17251096 438  0  1037   465 7379 21024 1  0 98  1  0  0 2026-10-07 03:32:35
 0  0 61902264 106243416 40 17251232 7    0     7  2082 5133 14576 0  0 99  0  0  0 2026-10-07 03:32:45
 4  0 61902264 106211368 40 17251996 19   0    21   164 5172 14027 2  0 98  0  0  0 2026-10-07 03:32:55
 4  0 61902064 106205612 40 17252772 15   0    18    86 9806 16882 9  0 90  0  0  0 2026-10-07 03:33:05
 1  0 61902064 106182836 40 17285524 6    0   158  6860 9322 16337 9  0 91  0  0  0 2026-10-07 03:33:15
 5  0 61901660 106137308 40 17286256 20   0    20    37 9466 15809 9  0 91  0  0  0 2026-10-07 03:33:25
 0  0 61901612 106203520 40 17286784 10   0    17   223 7588 15285 5  0 94  0  0  0 2026-10-07 03:33:35
 0  0 61901612 106202308 40 17286972 20   0    27     8 3638 11651 0  0 99  0  0  0 2026-10-07 03:33:45
 1  0 61901604 106192244 40 17296216 7    0    22   674 4506 13985 0  0 99  0  0  0 2026-10-07 03:33:55
 0  0 61901520 106194820 40 17296700 12   0    13   178 3724 12303 0  0 99  0  0  0 2026-10-07 03:34:05
 0  0 61901388 106159864 40 17318716 8    0   128  6100 3822 11836 0  0 99  0  0  0 2026-10-07 03:34:15
 3  0 61901388 105764940 40 17323660 39   0   108   497 14184 38046 13 1 87 0  0  0 2026-10-07 03:34:25
 1  0 61901228 106030784 40 17331672 61   0   525  1027 33428 91777 38 1 61 0  0  0 2026-10-07 03:34:35
 2  0 61901144 106040108 40 17332456 19   0    20    27 25061 67000 24 2 74 0  0  0 2026-10-07 03:34:45
 1  0 61901036 106039976 40 17336332 16   0   291  1200 20357 47129 18 1 80 0  0  0 2026-10-07 03:34:55
procs -----------memory---------- ---swap-- -----io---- -system-- -------cpu------- -----timestamp-----
 r  b   swpd   free   buff  cache   si   so    bi    bo   in   cs us sy id wa st gu                 MDT
 0  0 61900928 106163468 40 17336400 7    0     7   151 8966 22379 7  0 93  0  0  0 2026-10-07 03:35:05
 1  0 61899704 105058072 40 17334176 14   0    61  1928 6376 14368 3  0 97  0  0  0 2026-10-07 03:35:15
 2  0 61899692 105127036 40 17361796 7    0   190  7030 7462 16723 5  0 95  0  0  0 2026-10-07 03:35:25
 4  0 61899556 105087840 40 17409408 6    0  1995  2964 37871 100697 44 1 55 0 0  0 2026-10-07 03:35:35
 6  0 61899544 103556672 40 17458728 8    0  1171  5457 55764 119828 34 1 65 0 0  0 2026-10-07 03:35:45
 6  0 61899544 103868304 40 17481936 8    0   731  1111 47224 101132 32 1 66 0 0  0 2026-10-07 03:35:55
 4  0 61899444 103169916 40 17496444 6    0   499  3652 31689 92829 28 1 71 0  0  0 2026-10-07 03:36:05
 4  0 61899332 104329748 40 17502392 9    0   252   380 20621 13637 13 0 87 0  0  0 2026-10-07 03:36:15
 1  0 61899236 105023340 40 17517724 8    0   180  1617 29475 13468 11 0 88 0  0  0 2026-10-07 03:36:25
 1  0 61899208 105554544 40 17524684 7    0   976  2460 23416 18676 4 1 95  0  0  0 2026-10-07 03:36:35
 0  0 61899208 105789432 40 17569872 15   0   479  6989 4176 13652 0  0 99  0  0  0 2026-10-07 03:36:45
 0  0 61899208 105847272 40 17574228 21   0   388  2060 3831 12665 0  0 99  0  0  0 2026-10-07 03:36:55
 3  0 61899208 105161016 40 17749580 264  0 10634  1180 8076 15341 4  0 96  0  0  0 2026-10-07 03:37:05
 5  0 61895696 104128488 40 17861632 4    0  9019  1123 27987 15431 11 0 88 0  0  0 2026-10-07 03:37:15
 4  0 61886200 102739156 40 17932652 13   0   339  5315 37411 14747 17 0 83 0  0  0 2026-10-07 03:37:25
 2  0 61818656 104228420 40 18170932 12   0 23784  1610 38471 77098 31 1 67 1  0  0 2026-10-07 03:37:35
 6  0 61818624 104100300 40 18200872 5    0  1174  1883 32170 93588 33 1 66 0  0  0 2026-10-07 03:37:45
 2  0 61813536 104080604 40 18243692 12   0   215  3233 30592 91991 30 1 69 0  0  0 2026-10-07 03:37:55
55  0 61812124 99333336 40 18409972  5    0  3909  6080 48910 267506 88 3 9 0  0  0 2026-10-07 03:38:05
25  0 61806080 97281936 40 18479528  9    0  2306 12772 42827 101252 83 2 14 0 0  0 2026-10-07 03:38:15
24  0 61803108 97582112 40 18559052  6    0   996  8661 34472 24445 76 1 23 0  0  0 2026-10-07 03:38:25
procs -----------memory---------- ---swap-- -----io---- -system-- -------cpu------- -----timestamp-----
 r  b   swpd   free   buff  cache   si   so    bi    bo   in   cs us sy id wa st gu                 MDT
24  0 61792236 98043272 40 18741484 146   0  1158  1435 33273 13246 72 1 27 0  0  0 2026-10-07 03:38:35
24  0 61791844 98553112 40 19021488 11    0  4944  9469 37782 17769 72 2 26 0  0  0 2026-10-07 03:38:45
25  0 61791056 98117948 40 19205132 14    0  5763 14968 40337 26361 75 3 22 0  0  0 2026-10-07 03:38:55
25  0 61789628 97798396 40 19327576  6    0  3651  5524 45161 27698 78 2 19 0  0  0 2026-10-07 03:39:05
24  1 61789112 98370084 40 19433072 844   0  4649 17428 41426 20857 77 2 21 0  0  0 2026-10-07 03:39:15
 2  0 61772400 103003080 40 19486192 11561 0 14852 5143 57536 29909 47 1 51 1  0  0 2026-10-07 03:39:25
 2  0 61771780 103551360 40 19542180 12   0   896  9478 9179 17027 4  0 95  0  0  0 2026-10-07 03:39:35
 2  0 61771440 103573544 40 19543468 10   0    14  4075 8836 12311 6  0 94  0  0  0 2026-10-07 03:39:45
 1  0 61771440 103661112 40 19563884 4    0   158  3838 6425 12178 4  0 96  0  0  0 2026-10-07 03:39:55
 1  0 61771424 103543440 40 19640464 50   0  6082   944 7796 13298 4  0 96  0  0  0 2026-10-07 03:40:05
 1  0 61771408 103297320 40 19706516 4    0  2432   282 8307 16799 4  0 96  0  0  0 2026-10-07 03:40:15
 1  0 61771264 102833088 40 19856340 6    0  1974     1 15048 26050 6 0 93  1  0  0 2026-10-07 03:40:25
 3  0 61771256 96060704 40 22158352 13    0 224557 6103 30356 47101 12 1 71 16 0  0 2026-10-07 03:40:35
 1  0 61771168 100568428 40 22175284 9    0    26   710 15305 15529 7 0 93  0  0  0 2026-10-07 03:40:45
 3  0 61734880 100000072 40 22180992 44   0    51   880 72458 21588 7 1 92  0  0  0 2026-10-07 03:40:55
 1  0 61734876 100494672 40 22185592 0    0   270   366 14226 29300 4 0 95  0  0  0 2026-10-07 03:41:05
 2  0 61734872 95565040 40 22189608  5    0     5  2226 19760 20720 22 1 78 0  0  0 2026-10-07 03:41:15
13  0 61694860 92513820 40 22245124 20    0  2444   204 50900 19799 18 1 82 0  0  0 2026-10-07 03:41:25
 4  0 61694860 93807196 40 22326076  1    0  2508  6331 15308 13816 19 0 81 0  0  0 2026-10-07 03:41:35
 4  0 61694856 94574168 40 22376668  2    0  2899   836 13686 16803 11 0 89 0  0  0 2026-10-07 03:41:45
 3  0 61694856 94635136 40 22439024 15    0  3967  2344 12921 17159 10 0 89 0  0  0 2026-10-07 03:41:55
procs -----------memory---------- ---swap-- -----io---- -system-- -------cpu------- -----timestamp-----
 r  b   swpd   free   buff  cache   si   so    bi    bo   in   cs us sy id wa st gu                 MDT
 3  0 61694840 94629204 40 22491856  1    0  3524   231 12484 16899 9 0 90  1  0  0 2026-10-07 03:42:05
 3  1 61694840 94609380 40 22535988  9    0  1195  2236 11777 15707 9 0 90  1  0  0 2026-10-07 03:42:15
 3  0 61694840 94576736 40 22580136  2    0  2006    75 12685 18182 9 0 90  1  0  0 2026-10-07 03:42:25
 3  1 61694836 94528416 40 22634964  1    0  1405  5460 12753 18383 9 0 90  1  0  0 2026-10-07 03:42:35
 3  0 61694836 94516180 40 22664688  1    0  1324    66 11674 16166 9 0 90  1  0  0 2026-10-07 03:42:45
 4  0 61694836 94408144 40 22706288 12    0  2258   316 12840 17822 9 0 90  0  0  0 2026-10-07 03:42:55
 4  0 61694836 94401152 40 22725508  2    0   841    58 10723 12567 10 0 90 0  0  0 2026-10-07 03:43:05
 3  0 61694812 94355356 40 22746768  2    0   779   210 10998 13493 10 0 90 0  0  0 2026-10-07 03:43:15
 4  0 61694704 94326924 40 22752764  0    0   790   116 13444 17446 10 0 90 0  0  0 2026-10-07 03:43:25
 4  0 61694472 93084692 40 22782816  2    0   529  2767 14640 16672 12 1 87 0  0  0 2026-10-07 03:43:35
 4  0 61694460 93205120 40 22806364  4    0   533   344 14208 17637 12 1 87 0  0  0 2026-10-07 03:43:45
 6  0 61694372 93563896 40 22876744  2    0  3513  4443 28077 19452 14 1 85 0  0  0 2026-10-07 03:43:55
 4  0 61694032 93662108 40 22908808  2    0   514  2408 14525 18773 13 1 86 0  0  0 2026-10-07 03:44:05
 5  0 61693664 93643872 40 22917784  4    0   939   516 14996 19880 11 1 88 0  0  0 2026-10-07 03:44:15
 8  0 61693656 92154308 40 22937068  3    0   487   560 24190 17330 16 1 83 0  0  0 2026-10-07 03:44:25
 4  0 61693656 92925096 40 22955336  0    0   761  1216 15301 16324 14 1 85 0  0  0 2026-10-07 03:44:35
 4  0 61693656 92874224 40 22998084  2    0   563  5093 14272 15207 12 1 87 0  0  0 2026-10-07 03:44:45
27  0 61700632 89853260 40 21605428  3 1678  4178  7696 40315 18089 52 2 45 0  0  0 2026-10-07 03:44:55
28  0 61745812 95739528 36 15104936  3  204  6559 17551 70525 18018 85 4 11 0  0  0 2026-10-07 03:45:05
30  0 61852980 97702348  8 13092896  1 7728  3172  9193 48160 13339 86 4 11 0  0  0 2026-10-07 03:45:15
28  0 61950968 100901440 8 10377392  5 13601 9240 16748 60038 24185 86 3 10 0  0  0 2026-10-07 03:45:25
procs -----------memory---------- ---swap-- -----io---- -system-- -------cpu------- -----timestamp-----
 r  b   swpd   free   buff  cache   si   so    bi    bo   in   cs us sy id wa st gu                 MDT
30  0 61945452 101085296 8 10705292 91    0 16580  1739 41989 21854 84 3 13 0  0  0 2026-10-07 03:45:35
29  0 61944544 101325200 16 10909884 10 461 11776 15596 44526 20598 82 3 15 0  0  0 2026-10-07 03:45:45
28  0 61935604 101248768 16 10910076 2    0  6160  6925 43199 18652 83 3 14 0  0  0 2026-10-07 03:45:55
28  0 61931600 101241776 24 10489264 24 2332 9218 24382 47551 20650 86 3 11 0  0  0 2026-10-07 03:46:05
31  0 61930312 102945088 16 10231300 46  51  4361  3040 50832 15623 86 2 11 0  0  0 2026-10-07 03:46:15
 7  0 61930292 106723584 16 10301572 19   0  5016  5158 49440 22014 43 1 55 0  0  0 2026-10-07 03:46:25
