# started on Wed Oct  7 14:19:49 2026

instructions:u: 2675771539 179188571 179188571
2675771539,,instructions:u,179188571,100.00,,
